0.000025904461
0.00002577776
0.000025654115
0.000025533485
0.00002541583
0.000049620896
0.00004940734
0.000049199138
0.000048996215
0.000048798483
0.00007535147
0.000075048985
0.00007475413
0.00007446679
0.00007418688
0.000073914285
0.00007364893
0.00007339072
0.00007313959
0.000072895484
0.000072658324
0.000072428076
0.00007220468
0.000071988106
0.00007177832
0.00007157529
0.00007137899
0.000071189395
0.00007122625
0.00007065694
0.00007085889
0.00007033494
0.00007036008
0.000070053014
0.000070038055
0.00006974868
0.000069786765
0.00006951739
0.000069549766
0.00009494739
0.00009493551
0.000094720555
0.000120760786
0.000120557714
0.000120269215
0.00011984639
0.000119975724
0.000119716206
0.000119874676
0.0001191945
0.00011925236
0.00011820599
0.00011888414
0.00011765308
0.000118677606
0.00011698186
0.00011814507
0.00011649412
0.00011765248
0.0001165365
0.000116537994
0.00011621678
0.00011667132
0.00011557497
0.0001166917
0.0001161848
0.0001162695
0.00011555224
0.0001159535
0.00011389544
0.000115593255
0.00011140467
0.000113839444
0.00011017067
0.000111863104
0.000108906184
0.00011266682
0.000107905704
0.00011334683
0.00010720205
0.00011471624
0.00010727084
0.0001158235
0.00010599507
0.00011857744
0.00010915857
0.0001191644
0.00011259519
0.00012104086
0.000116471085
0.00012515926
0.00012030606
0.0001299448
0.00012187699
0.00013171196
0.0001279757
0.00013668097
0.00013065565
0.00013936113
0.00015788496
0.00016545362
0.00016372542
0.00017066304
0.00016672764
0.00017184639
0.00016816428
0.00017447624
0.00017291702
0.00017809898
0.00017702124
0.00018417147
0.00018480181
0.00018924073
0.00019173785
0.00019581022
0.00019857881
0.00020280694
0.00020561872
0.00020836269
0.00020848394
0.00020948728
0.00020451
0.00020645128
0.00020262142
0.00020585454
0.00020287526
0.00020719909
0.00020444152
0.0002105314
0.00020740199
0.00021481556
0.0002095222
0.00021496566
0.0002106192
0.00021527948
0.00020999943
0.00021226333
0.00020745753
0.00020996915
0.00020542751
0.0002058691
0.00019965415
0.00020055965
0.00019580529
0.00019831258
0.00019302135
0.00019446453
0.00018923875
0.00019150814
0.00018649329
0.00018767134
0.00018128067
0.00018189126
0.00017520056
0.00017517761
0.00016800824
0.00016612245
0.00015933164
0.00015666445
0.00015197256
0.0001481553
0.00014315925
0.00013960524
0.00013444474
0.00012970973
0.00012392734
0.000119421355
0.0001145455
0.00011121347
0.00010777964
0.00010382306
0.00010025408
0.00009671508
0.00009308921
0.00008771392
0.00008300339
0.000078929996
0.00007768052
0.00007438222
0.00007301224
0.000069267364
0.0000668468
0.00006303012
0.000060889088
0.0000578117
0.000056345034
0.000055794604
0.000056382458
0.000055507626
0.000053894637
0.00005399067
0.000053517244
0.00005414834
0.00005308193
0.000052705018
0.000051499235
0.000051738945
0.000051017418
0.00005185596
0.00005181742
0.000052980435
0.000052187337
0.000053011805
0.000053085394
0.000055427226
0.000056457753
0.000058890397
0.000060839233
0.00006484541
0.000067999215
0.00007309971
0.00007672901
0.00008200787
0.00008684857
0.00009400077
0.00009990219
0.00010707819
0.00011219476
0.00011832293
0.00012313922
0.00013012174
0.00013603525
0.00014337827
0.00014966023
0.00015871966
0.00016713419
0.00017658166
0.00018371112
0.00019227863
0.00019965945
0.00020793351
0.00021293755
0.0002183142
0.00022255293
0.00022910042
0.00023386428
0.00023898037
0.00024182019
0.000246272
0.0002493392
0.00025358418
0.00025537706
0.0002577665
0.00025880657
0.00026283786
0.00026599094
0.00026979108
0.00027112366
0.0002739148
0.00027494808
0.00027638188
0.00027450136
0.00027319987
0.00027024723
0.00026857242
0.00026442332
0.000260749
0.00025457577
0.0002497847
0.00024321856
0.00023750123
0.00022929868
0.00022257984
0.0002156521
0.00021183737
0.00020643596
0.00020266666
0.00019857998
0.00019721028
0.00019339702
0.0001895167
0.00018330848
0.00017868898
0.00017170895
0.00016529906
0.00015678663
0.00014974883
0.00014086344
0.00013354822
0.00012440515
0.000116784766
0.000107717715
0.00010092146
0.00009287856
0.000086598106
0.00007922997
0.00007488914
0.00007023333
0.00006829317
0.00006514841
0.000063273415
0.0000589429
0.000056444303
0.000052842064
0.00005108391
0.000047277783
0.000044907294
0.000041320924
0.00004035041
0.000037424517
0.00003493683
0.00002971495
0.000025781128
0.00002003289
0.000016684322
0.000013350174
0.000013779488
0.000012590899
0.0000119862825
0.000009530233
0.000009659886
0.0000085216025
0.0000090295325
0.000007793233
0.000009304838
0.000009883968
0.000011915988
0.000010913738
0.00001046226
0.000007731203
0.000007302019
0.0000055689447
0.000005121225
0.0000018209672
0.00000019127305
-0.0000023987186
-0.000003149035
-0.0000073305982
-0.000010577044
-0.00001461293
-0.00001563706
-0.00001911069
-0.000022600489
-0.000029251432
-0.000034209843
-0.0000406061
-0.000045065448
-0.00005264416
-0.000060197694
-0.00006956172
-0.00007499433
-0.00008197948
-0.00008924066
-0.000099718105
-0.000107743064
-0.00011740015
-0.00012624201
-0.00013815965
-0.00014765207
-0.00015733427
-0.00016409028
-0.0001729499
-0.00018040257
-0.0001899099
-0.00019691407
-0.00020590574
-0.00021345794
-0.00022242623
-0.00022794952
-0.00023374283
-0.00023682251
-0.00024251647
-0.00024693075
-0.0002534707
-0.00025801107
-0.0002644161
-0.00026826723
-0.0002730865
-0.00027485262
-0.0002778733
-0.00027833102
-0.00028072315
-0.00028178006
-0.00028509443
-0.00028528122
-0.00028653818
-0.00028583992
-0.00028720923
-0.00028505665
-0.0002832391
-0.00027953324
-0.00027881327
-0.0002751956
-0.0002715661
-0.000265015
-0.0002615283
-0.00025682885
-0.00025349707
-0.00024651506
-0.0002410221
-0.00023334485
-0.00022750604
-0.00021982103
-0.0002142946
-0.00020525244
-0.00019698398
-0.00018626475
-0.00017724832
-0.00016520845
-0.00015461436
-0.00014122437
-0.00012879477
-0.00011318911
-0.000101296726
-0.0000897057
-0.000080593934
-0.00006884385
-0.00006023649
-0.000051531766
-0.00004718188
-0.00004179515
-0.00003895234
-0.00003355096
-0.000029936024
-0.000023884179
-0.000018924658
-0.000009060511
0.00000032049195
0.000010794884
0.00001671665
0.000024063771
0.000029208888
0.00003461614
0.00003312181
0.000030616327
0.000026167572
0.000025727424
0.000022419066
0.000018238057
0.000009151292
0.000002111742
-0.000007021469
-0.00001515464
-0.000028085715
-0.00003988142
-0.000052570464
-0.00006068781
-0.000071905066
-0.0000835041
-0.00009867092
-0.000111267924
-0.0001268415
-0.00014161698
-0.00016080958
-0.00017925237
-0.00020126287
-0.00022171736
-0.0002444118
-0.0002635577
-0.0002839635
-0.00030017353
-0.00031724258
-0.0003315356
-0.00034932804
-0.00036561233
-0.00038211409
-0.0003921367
-0.0004034289
-0.0004126395
-0.00042298756
-0.00042889063
-0.00043877284
-0.00045036586
-0.00046705626
-0.00048099871
-0.0004970812
-0.0005105773
-0.00052584155
-0.00053757435
-0.0005512174
-0.00056183164
-0.00057602435
-0.00058986706
-0.00060757983
-0.00062144274
-0.0006365102
-0.0006495804
-0.0006654232
-0.00067598786
-0.00068604155
-0.00069252815
-0.0007025856
-0.0007110856
-0.00072225195
-0.00072891254
-0.00073582184
-0.00073798094
-0.0007412964
-0.00074092497
-0.0007416163
-0.0007371184
-0.00073430693
-0.0007285774
-0.000723933
-0.000713834
-0.00070393825
-0.000688674
-0.0006735841
-0.0006545091
-0.0006411906
-0.0006295695
-0.0006219873
-0.00061044196
-0.0006010287
-0.00059021486
-0.0005852367
-0.00057868095
-0.0005741094
-0.00056608533
-0.00056203554
-0.0005557709
-0.0005498651
-0.0005367799
-0.00052532484
-0.00051373965
-0.0005075781
-0.0004975363
-0.0004880261
-0.00047607403
-0.00047033455
-0.00046178067
-0.00045221584
-0.00043716995
-0.00042779805
-0.00042012692
-0.00041800406
-0.000413532
-0.00041214074
-0.00040668398
-0.00040412246
-0.00040084918
-0.00040158094
-0.000395742
-0.0003911082
-0.0003865578
-0.00038745173
-0.00038271208
-0.0003772825
-0.00036798703
-0.00036358714
-0.0003558436
-0.00034837477
-0.0003359768
-0.00032781644
-0.00031938474
-0.0003170032
-0.00031183482
-0.00031022687
-0.00030732353
-0.000308844
-0.00030568396
-0.00030186903
-0.00029289426
-0.00029007095
-0.00028622203
-0.00028402932
-0.0002760531
-0.00027173586
-0.00026600042
-0.00026456008
-0.00025982203
-0.00025918017
-0.00025635943
-0.00025853518
-0.00025977325
-0.0002661644
-0.00026963005
-0.00027832118
-0.00028562435
-0.00029498356
-0.00029535
-0.0002945819
-0.00029052654
-0.00029172504
-0.00028864137
-0.00028694674
-0.00028150293
-0.00028217852
-0.00028188538
-0.00028433977
-0.0002794877
-0.0002768303
-0.00027191624
-0.00027127602
-0.00026651158
-0.0002634403
-0.00025270996
-0.00024262872
-0.00022770996
-0.00021561536
-0.00020029067
-0.00019122215
-0.00017995358
-0.00017059466
-0.00015558294
-0.00014975427
-0.0001478407
-0.00015015133
-0.00014689713
-0.00015186601
-0.0001614259
-0.0001797473
-0.00019350558
-0.00021056258
-0.00022483958
-0.00024274575
-0.00025472397
-0.0002677747
-0.00027230746
-0.00027597262
-0.00027367484
-0.00027543053
-0.00027137707
-0.00026741624
-0.0002589346
-0.00025984488
-0.00025976406
-0.0002592822
-0.00024721937
-0.00023695074
-0.000226934
-0.00022558565
-0.00021919084
-0.00021247497
-0.00020003556
-0.00019688244
-0.00019490765
-0.00019343397
-0.00017695296
-0.00015958807
-0.00013876372
-0.00011912124
-0.0000889361
-0.000061876795
-0.00003637122
-0.000024547164
-0.000015021377
-0.000011042272
-0.0000011899646
0.0000058367086
0.000018085091
0.000026118372
0.000039684823
0.000045625835
0.000047992246
0.000038998176
0.000033611414
0.000031140924
0.00004346678
0.000055302902
0.00007294281
0.000089505585
0.000113610135
0.00012825162
0.00013817448
0.0001399443
0.00015103401
0.00016193032
0.00017811586
0.00018732254
0.0001959304
0.00019258866
0.00018800705
0.00017171062
0.0001534578
0.00012897445
0.000116047544
0.00010321881
0.00009135178
0.000072208284
0.00006826078
0.000073495336
0.00008883486
0.000096762895
0.00010985391
0.000121679805
0.00014153971
0.00015582185
0.00017589648
0.0001910519
0.00020484689
0.00020498112
0.00020884925
0.00020727747
0.00020743236
0.00019981137
0.00019868395
0.00019574749
0.00020275076
0.00020874868
0.00022376211
0.000232004
0.00024533249
0.00026047052
0.0002886233
0.0003141632
0.00034383938
0.0003614441
0.0003787099
0.00038931862
0.00040699285
0.00041422367
0.00041664508
0.00040808017
0.00040744478
0.00039700724
0.00037757322
0.0003401987
0.0003104033
0.000283603
0.00026400117
0.00022914702
0.00019740868
0.00017126108
0.00016522029
0.00015397514
0.00013958577
0.00011558327
0.00010473547
0.00009706334
0.00010011435
0.00009363403
0.00008794708
0.000082093495
0.00010161801
0.00012357513
0.00014142429
0.00014211914
0.00014893615
0.0001486985
0.00014527755
0.00012257323
0.000104497645
0.000086562126
0.00007683512
0.00005570898
0.000036925154
0.000010047021
-0.0000029491016
-0.0000132490295
-0.000011778438
-0.000014918111
-0.0000053486724
0.0000113880715
0.000042229134
0.000051992556
0.000053953157
0.00005035312
0.000057780635
0.000045061446
0.000020298852
-0.000016586828
-0.000041106494
-0.000073609786
-0.000102119244
-0.0001349364
-0.00015574529
-0.00018172296
-0.00019855173
-0.0002238369
-0.00024038854
-0.0002553761
-0.00024785698
-0.00024048543
-0.00022766022
-0.00022134552
-0.00019731488
-0.0001709993
-0.00013147574
-0.000103560706
-0.00008098933
-0.00007828239
-0.000065633845
-0.000059148813
-0.000055002387
-0.00007306779
-0.00008665923
-0.000096149786
-0.000078235396
-0.00006283593
-0.000044643497
-0.00003884488
-0.000029538276
-0.000037231766
-0.000036993883
-0.000030562478
0.0000033653598
0.000020513853
0.000020651596
0.0000041762446
0.0000033695458
-0.0000047287713
-0.0000055063592
-0.0000038384956
0.000036617792
0.00009042555
0.00015449943
0.0001960256
0.0002338406
0.00026289048
0.00032098131
0.00038957427
0.00046697163
0.0005181335
0.0005679678
0.000600631
0.0006095313
0.0005480985
0.00046498928
0.0003967735
0.00038176912
0.00037289326
0.0003688036
0.00035887954
0.00037824525
0.00040544505
0.0004445307
0.00044704173
0.000429555
0.00041305934
0.0004614959
0.00053299015
0.0006125215
0.0006873198
0.00079477916
0.00088882894
0.00095275755
0.00094620883
0.0009082787
0.0008436884
0.00078760256
0.00072295
0.00068067433
0.0006421506
0.000630113
0.0005875712
0.00050746655
0.00038199942
0.0002712906
0.0001807358
0.00014154728
0.00012036384
0.0001427164
0.00018209413
0.0002509801
0.00030264482
0.00034537888
0.00035288604
0.00035530722
0.00032226602
0.0002742806
0.00018114506
0.000070806906
-0.000056308476
-0.0001360317
-0.00019393698
-0.00021552097
-0.00021761483
-0.00015055595
-0.00007363543
-0.000022872264
-0.0000200801
0.000040606064
0.0001660202
0.0003338825
0.0004553982
0.0005657697
0.00066407473
0.00076936465
0.00081122585
0.00081691507
0.0007735198
0.000696824
0.0005533498
0.00040498062
0.00021714719
0.0000046051214
-0.00023291458
-0.00041763
-0.00056058343
-0.0006145341
-0.0005958551
-0.00048186243
-0.00038295638
-0.00030143026
-0.00022254216
-0.0001043513
-0.00003648829
-0.000015576621
-0.00005526274
-0.000078641286
-0.000118022355
-0.00015399272
-0.00024685697
-0.00035840334
-0.0004790875
-0.0005617214
-0.00072778633
-0.0009860239
-0.001267815
-0.0013862709
-0.0013596363
-0.0012476027
-0.0011595866
-0.0010083788
-0.000792044
-0.00054057053
-0.0004345531
-0.000482704
-0.00061474094
-0.00065829343
-0.00065400725
-0.0006617153
-0.00081279245
-0.00102172
-0.0011859279
-0.0011562126
-0.0010447641
-0.0009116077
-0.00081222976
-0.0006908414
-0.0006359729
-0.00063785847
-0.0007402586
-0.0008182408
-0.0008380879
-0.0007587632
-0.00069353986
-0.00065460306
-0.00072274887
-0.0007881267
-0.0008779725
-0.0009898052
-0.0011780194
-0.0012771754
-0.0012066526
-0.0009942321
-0.0009186144
-0.000931747
-0.0009445687
-0.00090026075
-0.0010074336
-0.0011800734
-0.0012642267
-0.0012008192
-0.0012713007
-0.001375889
-0.0012804023
-0.0008998603
-0.0006416201
-0.0007109132
-0.0011502667
-0.0016579255
-0.0020507523
-0.0021638481
-0.0022032494
-0.0021454713
-0.0018126689
-0.0010932514
-0.00047861232
-0.00031822527
-0.0006898754
-0.0011697101
-0.001455338
-0.0012989175
-0.0009352558
-0.0005630866
-0.00037723413
-0.0003024079
-0.0003842544
-0.00043108658
-0.0004177198
-0.0001823135
0.00008649425
0.00013206493
-0.00010261712
0.00006291613
0.0004991973
0.00043389574
-0.0005207612
-0.0014671633
-0.0015653273
-0.0006167815
0.00022277923
0.000028424012
-0.00073036976
-0.00082739396
-0.00035452837
0.00027098035
0.00037377764
0.000010546324
0.00006136852
0.00087018276
0.0012090735
0.00097239646
0.00066941464
0.00080396916
0.0017497331
0.002651277
0.0012910384
-0.0013767317
-0.0023474633
-0.00035073582
0.0015243329
0.00044037547
-0.0013572705
-0.00022638978
0.001980149
0.002026814
0.00038739276
-0.00013443641
0.00051771535
0.0011502764
0.0009251038
0.00081903563
0.0013829718
0.001994208
0.001966291
0.0008338675
-0.0017214839
-0.0022179855
0.00006319069
0.0014739158
0.00089422055
0.00046084874
0.0009861239
0.0018185246
0.00090407295
-0.00043336846
0.0009914906
0.004164332
0.0041907853
0.0021040237
0.00089785276
0.0036045054
0.0067636897
0.0021357243
-0.004521471
-0.0012097759
0.0031616944
0.00037933385
0.0023986371
0.0062574088
0.0025412855
0.0021047036
-0.0015286284
-0.009516584
-0.0049317135
0.0053628446
0.0034510347
-0.0049505234
-0.0063390518
0.0016073841
0.000001709333
-0.0025636093
0.0024382176
-0.0006944409
-0.005285346
-0.0037087526
-0.005186831
-0.0020317805
0.009844567
0.008501411
-0.0017757191
0.002916286
0.004768232
-0.0019515362
0.0068564676
0.016510634
0.0008482981
-0.016750267
-0.0066298274
0.013858145
0.014802156
0.004133938
-0.011957439
-0.011079655
0.012402647
0.020162499
-0.009027903
-0.032880496
-0.0045642275
0.033039287
0.015153905
-0.027678767
-0.0066235545
0.042980198
0.015848089
-0.020395495
0.00028091122
0.005517629
0.0020962164
0.0021357068
-0.0062257983
-0.003546204
-0.004898032
-0.0071392
0.022517545
0.018580806
-0.06110523
0.0035134314
0.21447076
0.26107162
0.12544504
-0.020263672
-0.057968576
0.04886225
0.04932744
-0.10797409
-0.06882948
0.06742711
0.04175664
-0.062051453
-0.05314854
0.01360063
0.01206687
-0.020981388
-0.007830753
-0.006611083
-0.014385266
-0.016731713
-0.01631039
-0.00989127
-0.006129311
-0.009714943
0.003269466
-0.014353717
-0.020445844
-0.004128726
-0.017778588
0.003845715
-0.017926274
-0.06558846
-0.06784979
0.0006754388
0.06299216
-0.005336958
-0.06121839
-0.014965863
0.030422883
0.021043826
-0.03127268
-0.044197418
-0.035519417
-0.024642043
0.00018587855
0.02100079
0.00061454554
-0.029800963
-0.040344637
-0.04169759
0.0027583593
0.02744011
-0.026107958
-0.04461921
-0.03436018
-0.040063184
-0.01054288
0.025963154
0.0018866479
-0.023906013
-0.016263286
-0.01680356
-0.020635381
-0.004656309
0.016109753
-0.033978954
-0.054079127
0.004573978
0.0223061
-0.009446486
-0.012336143
0.010438191
-0.019804776
-0.03954038
-0.014566382
0.012201873
0.027067961
-0.012568924
-0.02729762
-0.0075171096
-0.010622456
-0.0060475525
0.00078094157
-0.008845583
0.001719386
-0.0016242355
-0.00080501847
0.00971628
-0.0063321088
-0.016693806
-0.01710873
-0.019878983
-0.0048306407
0.005082705
0.0075953184
0.011404936
0.0004151602
-0.025273731
-0.01613346
0.0013966286
0.004940035
0.011086593
-0.011532651
-0.017146604
-0.007068586
-0.01359173
-0.010603729
0.003632363
-0.00054801506
-0.0062073604
-0.0053271526
0.004315501
0.0059504886
-0.004126894
-0.0031608494
-0.0009971751
-0.0054832078
-0.00709954
-0.008828362
-0.007973004
0.0010578108
0.0012716234
-0.0070067667
-0.007288688
-0.0055290814
-0.0024827959
0.0009378842
0.0017815978
0.0031012972
0.00020256627
-0.0017558608
0.0021321035
0.0021022672
-0.0018116729
-0.0030309043
-0.0021157032
0.00028142743
0.0007731516
-0.0014898359
-0.0013519637
0.00021943725
-0.00019483606
-0.0005216388
0.0008338388
0.0022497864
0.0021323166
0.000259562
-0.0010068208
-0.00027478064
0.0010721238
0.0011017306
0.00054440566
0.0014038192
0.0027835662
0.0038032266
0.0046496564
0.004382594
0.0037544752
0.0031093962
0.0014209176
-0.0005945893
-0.0014192574
-0.0011166532
0.0000018094288
0.001171589
0.0018943875
0.0023508489
0.0028430375
0.003484798
0.004111153
0.003993594
0.003230468
0.0027713748
0.003312588
0.004035656
0.0041905185
0.0037858586
0.0031509257
0.002695243
0.0027464656
0.0027003912
0.0023159776
0.0020748745
0.0025428014
0.0034364134
0.0041840514
0.004423922
0.0043078186
0.0040958286
0.0039570215
0.003682936
0.0034132795
0.0031633372
0.0029009087
0.0027268543
0.002801794
0.0029772785
0.0033495366
0.0037620745
0.0038411124
0.0035672446
0.0035065627
0.003698784
0.0037572985
0.0034382527
0.0031665883
0.0032915655
0.0037377607
0.003993725
0.0038385396
0.0034651794
0.0033814728
0.0036718415
0.0041013607
0.00435829
0.004488384
0.0046066055
0.0047977036
0.00481649
0.0045803767
0.0042152316
0.003933732
0.0037553986
0.0037406057
0.0037893262
0.0038843837
0.004016109
0.0042241807
0.0043767174
0.0044244127
0.004325794
0.004193814
0.004019246
0.0038045016
0.0035601368
0.0034384674
0.0034423608
0.003497215
0.003471882
0.0034887423
0.0035822543
0.0036871845
0.0037029686
0.0037341807
0.0037874726
0.0038370579
0.003775756
0.0036395262
0.0034967612
0.003424723
0.0033447817
0.0033099307
0.003332895
0.0034158083
0.0034945763
0.00361455
0.0037696373
0.003965517
0.0041128346
0.0041939337
0.004134926
0.003991224
0.003873619
0.0038872077
0.003930884
0.0039611175
0.0039412086
0.0039289067
0.0039269673
0.0039548893
0.003967281
0.0039715734
0.003930377
0.003909819
0.003903368
0.0038628564
0.0037160257
0.003579633
0.0035217402
0.00353345
0.0035048244
0.0034657146
0.0034565334
0.0035045515
0.0035465227
0.003597571
0.0036440103
0.0037162593
0.0037688548
0.0037907849
0.0037562728
0.0037113973
0.00364676
0.0035928641
0.0035211556
0.0034536726
0.003420945
0.0034814298
0.0035604583
0.0036131649
0.0035949594
0.0035455688
0.0034820838
0.0034537034
0.0034494796
0.0034770223
0.0034847257
0.003482325
0.0034478023
0.0033883818
0.0032849344
0.0031852236
0.0031159485
0.0031212328
0.0031284678
0.0031086178
0.0030734844
0.0030765266
0.0030783901
0.0030717608
0.0030511739
0.00306581
0.003091508
0.0031137327
0.0031040679
0.0030946769
0.0030682236
0.0030352108
0.002970677
0.002892236
0.0028013666
0.0027408802
0.002698551
0.0026713032
0.0026314596
0.0026202246
0.0026256347
0.0026307497
0.0026053225
0.0025901888
0.0025872828
0.0026220777
0.0026821496
0.0027669924
0.0028332858
0.002880523
0.00289776
0.00291868
0.00291761
0.002891162
0.0028358935
0.00278517
0.0027192284
0.0026488148
0.0025706044
0.0025134843
0.0024568352
0.0024151518
0.002400429
0.0024340847
0.0024681652
0.002492952
0.002494974
0.0025078366
0.0025293513
0.0025545184
0.002545965
0.0025227272
0.0024906062
0.0024730612
0.0024451893
0.002407739
0.0023575337
0.002332982
0.0023236887
0.0023248324
0.0023089044
0.0022958114
0.0022812684
0.0022669267
0.0022280628
0.0021893932
0.0021562737
0.0021464976
0.002135733
0.0021257068
0.0020993156
0.0020607694
0.0019923327
0.0019206875
0.0018431378
0.0017644652
0.0016832883
0.0016386447
0.0016182561
0.0016098026
0.0015844259
0.0015631457
0.0015499627
0.0015525168
0.001544396
0.0015336005
0.0015142087
0.0015068316
0.0014979822
0.0014844565
0.001449782
0.001414457
0.0013758506
0.0013424396
0.0012882651
0.0012285282
0.0011747188
0.0011395497
0.0010960174
0.0010529712
0.0010096721
0.0009806991
0.0009508453
0.0009282409
0.00090179377
0.00087804045
0.00084267533
0.00081013713
0.000770794
0.0007308995
0.00068405026
0.0006485536
0.00061208394
0.00057291496
0.00051797245
0.00047474014
0.00044722363
0.00043981159
0.00043179563
0.00043119956
0.00043138955
0.00044525324
0.00045890556
0.00047411362
0.00048300327
0.0004992464
0.0005087382
0.0005171957
0.0005122573
0.0005005461
0.00047444322
0.00044688635
0.00041165247
0.00038168716
0.00034777087
0.00031379433
0.00026280837
0.00020643556
0.00015264566
0.000115414456
0.00007172652
0.000026648418
-0.000017226954
-0.00004115067
-0.000058165642
-0.00007074672
-0.00008777933
-0.0000936784
-0.00009803874
-0.00009538735
-0.00009403341
-0.00008793862
-0.00008994447
-0.00008899094
-0.00008832942
-0.000080934995
-0.00008251292
-0.00008597169
-0.00009382221
-0.00009712616
-0.000107044696
-0.000114393806
-0.00012316242
-0.00012020221
-0.000113497736
-0.00010190029
-0.00010057175
-0.000100293255
-0.00009971968
-0.00008515333
-0.000073802454
-0.00006921095
-0.00007204687
-0.000063971005
-0.00005897223
-0.00005730917
-0.00006195964
-0.00005459157
-0.00003878682
-0.000012711254
0.0000087987055
0.000030456948
0.00004411328
0.000058996953
0.00006819841
0.00007672852
0.00007861698
0.00008486438
0.00008980853
0.000099342586
0.000098364806
0.00009065718
0.00007651161
0.000068343004
0.000056616882
0.000046173718
0.000032598047
0.00002629674
0.000016722344
0.000002763845
-0.00002548743
-0.000057007735
-0.00009452964
-0.0001292907
-0.00016879178
-0.00020608991
-0.00024424522
-0.00027373512
-0.0003038021
-0.00033297535
-0.00036791054
-0.00039463723
-0.00041865985
-0.00044188654
-0.0004750667
-0.0005061942
-0.00053747365
-0.00056260015
-0.00058811525
-0.00060603017
-0.00062259374
-0.0006357456
-0.0006542529
-0.0006665651
-0.0006780826
-0.0006895912
-0.00071039743
-0.0007304968
-0.0007532804
-0.00077322737
-0.0007985779
-0.0008237143
-0.0008551581
-0.0008859393
-0.0009187264
-0.00094841036
-0.0009850115
-0.0010196214
-0.0010538762
-0.0010806944
-0.0011063182
-0.0011270134
-0.0011525517
-0.0011796647
-0.0012122033
-0.0012382745
-0.0012620193
-0.0012821775
-0.0013059838
-0.001322475
-0.0013350964
-0.0013426108
-0.0013552281
-0.0013642673
-0.0013693558
-0.0013655615
-0.0013634413
-0.0013583092
-0.0013523597
-0.0013376776
-0.0013234358
-0.0013099452
-0.0013047548
-0.0013011858
-0.0013036149
-0.0013057792
-0.0013149127
-0.0013279278
-0.0013459215
-0.0013566334
-0.0013654315
-0.0013710222
-0.001380569
-0.001386018
-0.0013893417
-0.0013866978
-0.0013866186
-0.0013834866
-0.0013802594
-0.0013704514
-0.0013612049
-0.0013514176
-0.0013468124
-0.0013395004
-0.0013323999
-0.0013212995
-0.0013161072
-0.0013118086
-0.001307378
-0.0012970495
-0.0012908572
-0.0012844437
-0.0012785173
-0.0012671527
-0.0012596084
-0.0012529839
-0.0012490381
-0.0012403557
-0.0012330597
-0.0012228113
-0.0012143357
-0.0012039023
-0.0011972998
-0.0011898073
-0.0011862039
-0.0011821147
-0.0011818784
-0.0011786444
-0.0011768487
-0.0011734506
-0.0011737898
-0.0011732741
-0.001176808
-0.0011774399
-0.0011774305
-0.001174012
-0.0011745875
-0.0011745857
-0.0011768214
-0.0011756853
-0.001178402
-0.001182894
-0.0011912446
-0.0011956342
-0.0012008521
-0.0012039662
-0.0012101028
-0.0012150886
-0.001225005
-0.0012356169
-0.0012466938
-0.0012504811
-0.0012537219
-0.0012545516
-0.0012575081
-0.0012567859
-0.0012566868
-0.0012557963
-0.0012596957
-0.0012618268
-0.0012645522
-0.0012639851
-0.0012664268
-0.0012698397
-0.0012784696
-0.0012852451
-0.0012919452
-0.0012947639
-0.0012997943
-0.0013023192
-0.0013043922
-0.001303222
-0.001306389
-0.0013104428
-0.0013175115
-0.0013217602
-0.0013279548
-0.0013336461
-0.0013434973
-0.001352352
-0.0013617849
-0.0013663324
-0.001373357
-0.0013829166
-0.0013960721
-0.0014037039
-0.001410996
-0.0014174222
-0.0014263183
-0.0014307072
-0.0014343917
-0.0014370685
-0.0014450675
-0.0014532562
-0.001463767
-0.0014720154
-0.00148222
-0.00149124
-0.001501964
-0.0015097533
-0.0015193166
-0.0015277435
-0.0015397805
-0.0015510304
-0.0015634698
-0.0015733421
-0.0015850334
-0.0015942001
-0.0016042339
-0.0016117106
-0.0016201814
-0.0016251501
-0.0016301519
-0.0016321932
-0.0016351455
-0.0016343395
-0.0016337642
-0.0016313891
-0.0016304665
-0.0016251979
-0.0016184843
-0.0016090185
-0.0016024776
-0.0015938118
-0.0015850493
-0.001574352
-0.0015674863
-0.0015601882
-0.0015537282
-0.0015435881
-0.0015346035
-0.001524854
-0.0015175778
-0.0015092114
-0.0015041895
-0.0014987717
-0.0014964079
-0.0014945111
-0.001495785
-0.0014947399
-0.0014938046
-0.0014895683
-0.0014857991
-0.0014796492
-0.0014757091
-0.0014706397
-0.0014652923
-0.0014556159
-0.0014475287
-0.0014385952
-0.0014310912
-0.0014209154
-0.0014116977
-0.0014012177
-0.0013933855
-0.0013849584
-0.0013787815
-0.0013703451
-0.0013628718
-0.0013549469
-0.0013503791
-0.0013437713
-0.0013373595
-0.0013299603
-0.0013269141
-0.0013237068
-0.0013209409
-0.0013159328
-0.0013142158
-0.0013128511
-0.001312968
-0.001309664
-0.0013071784
-0.0013048305
-0.0013066082
-0.0013083412
-0.0013124073
-0.0013160919
-0.001323522
-0.0013310978
-0.0013388414
-0.0013418345
-0.0013448144
-0.0013462894
-0.001349213
-0.0013499979
-0.001351424
-0.0013504358
-0.0013499698
-0.001346971
-0.0013453143
-0.0013426497
-0.0013422349
-0.001341716
-0.0013443667
-0.0013466765
-0.0013503967
-0.0013517146
-0.0013554784
-0.0013601778
-0.001366877
-0.0013709022
-0.0013760837
-0.001380494
-0.0013859696
-0.001387984
-0.0013898413
-0.0013899679
-0.0013912419
-0.0013898454
-0.0013884322
-0.0013842845
-0.0013808658
-0.0013759488
-0.0013720028
-0.0013655153
-0.0013598519
-0.0013536665
-0.0013500649
-0.0013445963
-0.0013395557
-0.0013334141
-0.0013294087
-0.0013237161
-0.0013185758
-0.0013111676
-0.001304436
-0.0012962976
-0.0012901976
-0.0012835148
-0.0012784197
-0.0012711262
-0.0012647212
-0.0012573712
-0.0012513237
-0.0012433333
-0.0012370009
-0.0012304526
-0.0012263734
-0.0012218229
-0.0012197806
-0.0012172932
-0.00121528
-0.0012105232
-0.001207447
-0.0012044125
-0.001203512
-0.0012004698
-0.001196754
-0.0011905156
-0.0011856882
-0.0011795791
-0.0011741311
-0.0011670102
-0.0011624236
-0.0011588965
-0.0011581912
-0.001156048
-0.0011549761
-0.0011534735
-0.0011545331
-0.0011544176
-0.0011547228
-0.0011539668
-0.0011560466
-0.0011576787
-0.0011597287
-0.0011590801
-0.0011590592
-0.0011576269
-0.0011572159
-0.0011556344
-0.0011556727
-0.001154172
-0.0011538181
-0.0011534966
-0.0011554227
-0.0011553919
-0.001155794
-0.0011553712
-0.0011570634
-0.0011573101
-0.0011574267
-0.0011554098
-0.0011549386
-0.0011538361
-0.0011540804
-0.0011525347
-0.0011516279
-0.0011497772
-0.0011494594
-0.001147345
-0.0011453512
-0.0011415359
-0.0011395883
-0.0011369505
-0.0011345358
-0.0011300131
-0.0011270136
-0.001123141
-0.0011196857
-0.0011137842
-0.0011082285
-0.0011010387
-0.0010947256
-0.0010872949
-0.001081406
-0.0010743672
-0.0010683634
-0.0010611388
-0.0010544177
-0.001045167
-0.0010360755
-0.0010260085
-0.0010177465
-0.0010079879
-0.0009983875
-0.0009872391
-0.000977499
-0.00096662756
-0.00095621735
-0.0009434735
-0.0009309853
-0.00091707933
-0.00090373954
-0.0008883512
-0.00087371067
-0.00085801043
-0.0008438484
-0.0008293398
-0.0008166228
-0.0008031474
-0.00079099194
-0.0007776548
-0.00076536054
-0.0007524719
-0.00074208615
-0.00073181797
-0.0007221671
-0.00071035366
-0.00069999765
-0.0006892936
-0.0006792893
-0.0006669991
-0.0006554287
-0.00064383814
-0.0006345853
-0.0006248462
-0.00061679306
-0.00060841814
-0.0006016816
-0.0005943524
-0.0005886515
-0.0005820192
-0.0005761868
-0.00056919304
-0.0005637301
-0.0005574747
-0.0005518104
-0.00054467324
-0.00053880503
-0.0005322017
-0.0005266001
-0.00051948184
-0.00051327614
-0.0005069123
-0.0005033745
-0.00050031545
-0.0004985654
-0.00049513805
-0.00049283885
-0.00049043243
-0.00048895495
-0.0004851759
-0.00048201947
-0.0004784914
-0.00047638358
-0.00047270535
-0.0004692014
-0.0004644143
-0.00046109184
-0.00045723774
-0.0004546846
-0.00045106703
-0.00044835874
-0.0004447887
-0.00044216492
-0.00043802144
-0.00043432336
-0.00042929949
-0.00042583025
-0.00042222528
-0.00041961687
-0.00041542848
-0.0004120146
-0.0004076484
-0.00040392822
-0.00039841424
-0.00039352415
-0.0003880948
-0.00038420662
-0.00037924977
-0.00037475012
-0.00036863156
-0.0003631902
-0.00035684492
-0.00035150957
-0.00034513127
-0.00034004918
-0.00033481928
-0.00033104175
-0.00032549867
-0.00031979283
-0.0003129296
-0.00030731157
-0.00030036474
-0.00029368498
-0.0002857232
-0.00027872284
-0.0002706295
-0.0002632112
-0.000254947
-0.00024792203
-0.0002394166
-0.0002310682
-0.00022180412
-0.00021392289
-0.00020509414
-0.0001968972
-0.00018750785
-0.00017907187
-0.00016982206
-0.0001617036
-0.00015272317
-0.00014435832
-0.00013499582
-0.00012724144
-0.00011898589
-0.00011153302
-0.00010281021
-0.00009461534
-0.00008529824
-0.00007720086
-0.00006885151
-0.000061921855
-0.000053976844
-0.000046872916
-0.000039414077
-0.00003346954
-0.000026359841
-0.000019563708
-0.00001181953
-0.000005492834
0.0000016885239
0.000008671679
0.00001694374
0.000023690929
0.000030446103
0.00003599977
0.00004271449
0.000048477912
0.00005452977
0.000059097005
0.00006441083
0.00006897143
0.00007462001
0.00007905584
0.00008345576
0.00008649672
0.00009088533
0.00009480659
0.00009949582
0.000103064194
0.000107791646
0.0001123464
0.00011814212
0.00012283651
0.00012825425
0.00013299735
0.00013904493
0.00014448306
0.00015061733
0.00015574144
0.0001620708
0.00016812881
0.00017538165
0.00018121683
0.00018725984
0.00019266592
0.00019929276
0.00020471202
0.00021071002
0.00021644784
0.0002239303
0.00023073563
0.0002381346
0.00024474808
0.0002525109
0.00025937837
0.0002669509
0.0002736684
0.00028128203
0.00028817615
0.00029616858
0.00030359306
0.000312082
0.00031998692
0.0003291817
0.00033782766
0.00034726964
0.00035578472
0.00036512336
0.00037363885
0.0003833755
0.00039298038
0.0004037541
0.00041352835
0.00042387517
0.00043329882
0.0004435847
0.0004527059
0.0004620143
0.0004703543
0.00048002246
0.00048939517
0.0004998887
0.0005096948
0.00052028586
0.000529625
0.00053922826
0.0005482253
0.0005588289
0.0005689572
0.0005797641
0.00058960094
0.0006003307
0.00061026315
0.00062045467
0.0006290664
0.00063815044
0.000646487
0.00065566285
0.00066371995
0.00067187473
0.0006784969
0.000685616
0.0006919013
0.0006987318
0.0007041472
0.0007099736
0.00071518065
0.00072123867
0.0007260123
0.00073109864
0.0007354124
0.0007408517
0.0007455497
0.00075059634
0.0007541296
0.0007577986
0.00076042954
0.00076386565
0.0007659706
0.0007676584
0.0007680008
0.0007695597
0.00077055
0.00077190564
0.00077222596
0.00077370164
0.0007748947
0.0007767923
0.0007774836
0.00077883777
0.00077967165
0.00078158133
0.0007827814
0.000784493
0.00078523124
0.0007866034
0.0007868099
0.0007872019
0.0007861786
0.0007855301
0.0007841658
0.0007836533
0.00078232435
0.00078175357
0.0007804287
0.0007797661
0.0007782502
0.0007775988
0.0007764541
0.00077631115
0.0007756483
0.000776153
0.0007762143
0.0007769214
0.0007766955
0.00077734696
0.00077748566
0.0007782269
0.0007777818
0.00077802676
0.00077780953
0.000778297
0.0007775779
0.00077730336
0.0007764362
0.000776633
0.00077617593
0.00077637495
0.0007760002
0.0007766969
0.00077688514
0.00077813986
0.0007789478
0.0007804441
0.0007810745
0.0007824796
0.0007831837
0.0007845441
0.0007850128
0.00078596215
0.00078573776
0.0007858914
0.0007856396
0.00078671164
0.0007871659
0.00078830903
0.0007890139
0.0007909748
0.0007926899
0.00079533434
0.0007972621
0.0007998118
0.0008015231
0.00080394716
0.000805527
0.00080729066
0.0008077752
0.0008089868
0.00080979906
0.000811312
0.0008117563
0.0008128926
0.00081383
0.00081577036
0.000816609
0.00081759144
0.0008177527
0.00081898656
0.0008197507
0.0008210525
0.0008214444
0.00082268263
0.00082353293
0.00082520145
0.0008258721
0.00082688493
0.00082738884
0.00082912773
0.0008303196
0.0008320525
0.0008330301
0.00083482865
0.0008360955
0.0008381486
0.0008395598
0.00084174215
0.00084314356
0.00084502413
0.00084601116
0.0008474701
0.0008480675
0.00084936584
0.00085024635
0.0008522346
0.00085346354
0.00085490925
0.00085557817
0.00085724285
0.0008583444
0.0008600676
0.0008613462
0.0008639194
0.0008662498
0.0008692943
0.0008715833
0.0008745886
0.00087692897
0.00087997655
0.0008823823
0.0008855198
0.00088826823
0.00089225237
0.00089604186
0.000900643
0.0009046038
0.0009095645
0.0009141644
0.0009193657
0.00092371856
0.0009288649
0.0009336324
0.0009393721
0.00094468286
0.0009507348
0.00095599843
0.0009616931
0.0009665003
0.00097194914
0.0009766549
0.0009817923
0.0009861817
0.000991333
0.0009957943
0.0010007839
0.0010050104
0.0010098483
0.001013903
0.0010185767
0.0010229996
0.0010286439
0.0010337078
0.0010391582
0.0010437198
0.0010490102
0.0010538897
0.001059383
0.0010638193
0.001068573
0.0010726033
0.001077256
0.0010809291
0.0010847558
0.0010877209
0.0010915737
0.0010949759
0.0010988604
0.0011017385
0.0011051752
0.00110813
0.0011116158
0.0011139422
0.0011165829
0.0011186971
0.0011216876
0.0011239478
0.0011265621
0.0011282505
0.0011302476
0.0011312487
0.001132792
0.0011336426
0.0011348125
0.0011351268
0.0011362875
0.0011369538
0.001137996
0.0011379394
0.0011382945
0.0011380478
0.0011383736
0.0011377509
0.0011374785
0.0011364546
0.0011361297
0.0011351944
0.0011346376
0.001133121
0.0011321324
0.0011305255
0.0011294617
0.0011273952
0.0011256941
0.0011235223
0.0011221303
0.0011198736
0.0011179378
0.0011153021
0.0011133442
0.0011107111
0.0011086161
0.0011058535
0.0011036574
0.0011006847
0.0010982328
0.001095051
0.001092311
0.0010888365
0.0010859863
0.0010823993
0.001079084
0.0010747719
0.001071043
0.00106687
0.0010633849
0.0010591972
0.0010556056
0.0010514915
0.0010481315
0.0010441251
0.0010405482
0.0010362901
0.0010327209
0.0010284901
0.0010247766
0.0010203203
0.0010162669
0.0010113786
0.0010069464
0.0010017925
0.0009972624
0.0009921814
0.0009876452
0.0009821735
0.0009770116
0.00097140943
0.0009667432
0.0009613109
0.0009561455
0.00095037196
0.00094551395
0.0009401818
0.00093523937
0.00092947617
0.000924349
0.00091865665
0.00091351656
0.00090768887
0.00090235454
0.00089627155
0.00089077256
0.0008847433
0.00087933184
0.00087319437
0.0008676048
0.0008615428
0.00085613196
0.00084991666
0.00084406126
0.0008375343
0.0008317485
0.00082550436
0.0008198013
0.00081324525
0.00080710725
0.0008004792
0.00079469697
0.00078822166
0.00078189716
0.00077477837
0.0007684156
0.00076142827
0.00075478596
0.00074747525
0.0007410548
0.00073446287
0.00072867476
0.00072222494
0.00071624754
0.0007095792
0.000703444
0.00069663156
0.0006902709
0.000683302
0.00067708176
0.0006704272
0.00066442584
0.00065763324
0.0006511198
0.0006439599
0.0006375394
0.00063061016
0.00062430184
0.00061759097
0.00061179686
0.00060557824
0.0005998163
0.0005932597
0.00058721524
0.0005805791
0.0005745765
0.00056804996
0.00056215766
0.00055579876
0.00055020466
0.00054409425
0.0005384578
0.0005321713
0.0005267046
0.00052091305
0.000515638
0.0005096038
0.0005042616
0.0004986312
0.0004938015
0.00048855034
0.00048413724
0.00047946774
0.0004755273
0.0004710113
0.0004672892
0.00046330306
0.00045996907
0.00045597812
0.00045258985
0.00044875956
0.00044566777
0.00044209434
0.00043913818
0.00043562468
0.00043278848
0.00042967327
0.00042740486
0.00042459613
0.00042245924
0.00042003722
0.00041854617
0.00041681252
0.0004158713
0.0004143918
0.00041340626
0.00041184176
0.000411042
0.00040987798
0.0004093157
0.00040819534
0.00040789103
0.00040730496
0.00040734146
0.00040665982
0.00040656578
0.00040625848
0.0004068773
0.0004070034
0.00040771227
0.00040809123
0.00040942838
0.0004103647
0.00041172036
0.0004122853
0.00041329724
0.00041368976
0.00041461416
0.00041480846
0.00041525828
0.00041501445
0.00041552447
0.0004156253
0.00041624976
0.00041623638
0.0004169123
0.0004172969
0.00041839923
0.00041893305
0.00042009767
0.00042087445
0.00042239163
0.00042339167
0.00042479075
0.00042542384
0.00042654906
0.0004271319
0.00042823583
0.00042849832
0.00042904227
0.00042906264
0.00042973185
0.00042965452
0.000429912
0.00042964664
0.00043006762
0.0004298371
0.0004299692
0.0004295173
0.00042972484
0.0004293632
0.00042950816
0.00042910164
0.00042924832
0.000428782
0.00042875842
0.0004279992
0.00042760873
0.00042653843
0.0004259896
0.00042480242
0.0004240039
0.00042251404
0.0004214863
0.00041978082
0.00041857813
0.0004168798
0.00041574327
0.0004139647
0.00041264613
0.00041073907
0.00040943202
0.00040752208
0.0004059602
0.00040369842
0.00040198685
0.00039971963
0.0003979385
0.00039550243
0.00039349176
0.00039069136
0.0003881577
0.00038505963
0.00038273266
0.00037990333
0.0003774677
0.00037434275
0.00037178298
0.0003687105
0.00036603742
0.00036258495
0.00035961822
0.00035618836
0.0003533598
0.00034987726
0.0003466882
0.00034271396
0.00033926088
0.00033536658
0.0003320609
0.000328135
0.00032476668
0.0003210324
0.00031789343
0.00031394415
0.00031023534
0.00030588004
0.00030211883
0.0002977971
0.0002939084
0.000289355
0.00028531815
0.00028086407
0.0002771659
0.00027290595
0.00026890126
0.00026425233
0.00026038146
0.0002561071
0.0002522943
0.00024792377
0.00024431088
0.00024036637
0.00023688763
0.00023258901
0.00022865101
0.00022413081
0.00022015626
0.00021560083
0.00021151193
0.0002069274
0.00020303651
0.00019866375
0.0001947892
0.00019027882
0.00018627117
0.00018180546
0.0001779685
0.00017361989
0.00016985806
0.00016561971
0.00016194572
0.00015773179
0.0001541113
0.00015005456
0.00014660144
0.00014259173
0.00013915532
0.00013526632
0.00013191931
0.000128011
0.00012472941
0.000121077064
0.00011803796
0.000114416885
0.000111376045
0.000107935375
0.000105053856
0.000101518526
0.000098491364
0.000095076946
0.00009238731
0.00008922292
0.0000865632
0.00008338426
0.00008074086
0.00007744181
0.000074591255
0.00007116254
0.00006816848
0.00006454732
0.00006146795
0.000057915382
0.00005499603
0.000051651106
0.000048892744
0.00004550777
0.000042551706
0.000039219605
0.000036698475
0.00003367546
0.000031092524
0.000028002038
0.00002556868
0.000022663864
0.00002021401
0.000017086224
0.000014378638
0.000011110866
0.000008454774
0.0000053350045
0.0000026789949
-0.00000059871144
-0.0000032546843
-0.0000063189786
-0.000008921111
-0.000012272885
-0.000015164337
-0.000018390581
-0.000020905942
-0.000024018886
-0.000026724985
-0.00002989913
-0.00003232155
-0.000035182667
-0.00003765386
-0.000040832623
-0.0000435105
-0.00004667474
-0.00004933983
-0.00005270252
-0.000055700428
-0.000059158236
-0.00006187146
-0.00006506275
-0.00006781933
-0.000071164046
-0.00007394942
-0.000077230965
-0.00008001838
-0.00008336245
-0.0000861142
-0.0000893628
-0.0000921566
-0.000095611606
-0.00009870311
-0.00010248948
-0.0001058742
-0.00010983119
-0.000113215676
-0.00011722688
-0.00012096173
-0.00012532504
-0.00012907202
-0.0001333337
-0.00013717277
-0.00014155846
-0.00014529239
-0.00014946757
-0.00015314155
-0.00015736082
-0.00016099923
-0.00016512889
-0.00016869247
-0.00017273566
-0.00017625905
-0.0001803092
-0.00018378558
-0.00018779539
-0.00019139006
-0.00019559228
-0.00019917425
-0.00020317132
-0.00020668088
-0.0002107728
-0.00021425281
-0.00021813564
-0.00022143322
-0.00022523596
-0.00022850379
-0.00023230414
-0.00023563342
-0.00023956483
-0.0002429428
-0.00024677772
-0.00025007688
-0.0002538947
-0.000257161
-0.00026095027
-0.0002642022
-0.00026793225
-0.00027108044
-0.00027473748
-0.00027782936
-0.0002812036
-0.00028372117
-0.000286656
-0.00028914912
-0.00029220406
-0.00029457934
-0.00029720992
-0.00029915725
-0.0003016174
-0.00030350298
-0.00030575838
-0.0003073807
-0.0003096064
-0.00031149664
-0.0003139814
-0.00031578998
-0.00031794875
-0.00031954446
-0.0003216817
-0.0003231752
-0.00032492235
-0.00032600918
-0.00032772703
-0.00032897538
-0.00033055877
-0.0003313629
-0.0003325912
-0.00033327445
-0.00033439737
-0.00033492118
-0.00033596478
-0.00033645777
-0.00033746354
-0.00033807353
-0.0003393033
-0.0003399187
-0.00034094907
-0.00034145772
-0.00034251017
-0.00034293288
-0.00034367916
-0.00034378882
-0.00034443242
-0.00034457044
-0.00034520874
-0.00034525385
-0.00034577228
-0.0003458419
-0.00034652813
-0.0003466554
-0.0003472057
-0.00034720814
-0.00034785917
-0.00034809267
-0.0003487594
-0.00034878825
-0.00034938983
-0.00034956078
-0.0003502187
-0.00035024335
-0.0003507192
-0.00035063206
-0.00035101213
-0.0003508533
-0.00035132785
-0.00035142328
-0.0003521241
-0.00035234878
-0.00035308732
-0.0003532561
-0.00035394027
-0.00035416946
-0.0003550213
-0.00035539127
-0.00035629404
-0.00035673243
-0.0003577649
-0.0003582643
-0.00035920023
-0.00035953586
-0.0003604007
-0.00036080193
-0.00036171902
-0.00036209985
-0.00036309965
-0.0003636767
-0.0003648134
-0.0003654834
-0.00036677663
-0.0003676631
-0.00036916026
-0.0003701595
-0.000371681
-0.00037275552
-0.00037456938
-0.00037607085
-0.00037801173
-0.0003791785
-0.00038083753
-0.00038209677
-0.00038383948
-0.00038486067
-0.00038632192
-0.00038741014
-0.00038919479
-0.00039048487
-0.00039226876
-0.0003935492
-0.00039540156
-0.00039679583
-0.00039877454
-0.0004002354
-0.00040222218
-0.00040374498
-0.0004058681
-0.00040746978
-0.00040947145
-0.0004108513
-0.00041277247
-0.0004142027
-0.00041611516
-0.00041742012
-0.00041921568
-0.00042058047
-0.00042265988
-0.00042438653
-0.0004266639
-0.00042834453
-0.00043056995
-0.00043241945
-0.00043479877
-0.00043648522
-0.00043863666
-0.00044037998
-0.0004427271
-0.0004444569
-0.00044653998
-0.00044804698
-0.0004501285
-0.0004516785
-0.00045366507
-0.00045505297
-0.00045696177
-0.00045839543
-0.00046032487
-0.0004616174
-0.00046334325
-0.00046450217
-0.00046622456
-0.00046751535
-0.00046931324
-0.00047047035
-0.00047209568
-0.0004732285
-0.00047487233
-0.00047591416
-0.0004774514
-0.0004785241
-0.00048015063
-0.00048120233
-0.00048275164
-0.00048375607
-0.0004852134
-0.00048609683
-0.0004874965
-0.0004883933
-0.0004898882
-0.0004909737
-0.0004926356
-0.00049366214
-0.00049507944
-0.00049599295
-0.00049749226
-0.00049838575
-0.0004996755
-0.00050043216
-0.0005017587
-0.00050250324
-0.0005036194
-0.0005041564
-0.0005052782
-0.00050581194
-0.0005066792
-0.0005069191
-0.0005077208
-0.0005080662
-0.00050893653
-0.00050919945
-0.00050990767
-0.0005100754
-0.00051080144
-0.00051100116
-0.0005116173
-0.0005116366
-0.00051231653
-0.0005126386
-0.00051350816
-0.00051377335
-0.00051447155
-0.0005145893
-0.0005152462
-0.00051543396
-0.00051617925
-0.0005163669
-0.00051704
-0.0005172122
-0.0005179318
-0.0005180142
-0.0005184711
-0.000518366
-0.00051887386
-0.0005189013
-0.0005193188
-0.0005190755
-0.00051945046
-0.00051947986
-0.00052006514
-0.00052002573
-0.00052052044
-0.0005206347
-0.00052137364
-0.0005215511
-0.00052218547
-0.0005222535
-0.000522892
-0.0005231384
-0.00052398327
-0.0005242348
-0.00052498304
-0.00052527635
-0.00052615604
-0.0005264307
-0.0005271095
-0.0005272758
-0.00052808906
-0.0005284271
-0.0005292896
-0.0005296452
-0.0005306005
-0.0005311462
-0.00053229835
-0.0005328814
-0.00053389336
-0.0005343232
-0.00053537876
-0.00053605443
-0.00053727266
-0.00053792965
-0.0005392231
-0.00054011773
-0.0005415082
-0.0005422615
-0.0005435435
-0.000544363
-0.0005457213
-0.00054653944
-0.0005480093
-0.0005490999
-0.00055074383
-0.0005518
-0.0005533321
-0.0005543377
-0.00055594026
-0.0005570489
-0.0005586536
-0.00055966614
-0.0005612089
-0.00056224
-0.0005637232
-0.0005645187
-0.0005657473
-0.0005663992
-0.0005675056
-0.00056799274
-0.00056897395
-0.00056947116
-0.00057058554
-0.00057115086
-0.00057217665
-0.0005726668
-0.0005737243
-0.0005742304
-0.0005751988
-0.00057555793
-0.00057638984
-0.00057662604
-0.00057739066
-0.0005776742
-0.0005783929
-0.0005782864
-0.00057852175
-0.0005782245
-0.0005784691
-0.00057807006
-0.0005780963
-0.0005776411
-0.0005778632
-0.00057756837
-0.0005776681
-0.0005770718
-0.0005769289
-0.0005762548
-0.0005761143
-0.0005753168
-0.00057490164
-0.00057388964
-0.00057341665
-0.00057232246
-0.0005715177
-0.0005699782
-0.0005689718
-0.00056742167
-0.000566248
-0.00056433637
-0.00056289404
-0.0005609679
-0.00055965217
-0.0005578289
-0.0005565004
-0.0005545282
-0.00055306265
-0.0005511463
-0.0005497543
-0.00054764474
-0.0005459772
-0.00054381334
-0.0005421681
-0.0005397858
-0.0005377221
-0.00053507235
-0.00053301366
-0.0005303728
-0.00052813994
-0.0005252694
-0.0005229558
-0.000520209
-0.0005180626
-0.0005153716
-0.0005132962
-0.00051082356
-0.0005090074
-0.0005066813
-0.0005048217
-0.0005023019
-0.0005002423
-0.00049758167
-0.00049540855
-0.00049267855
-0.00049050146
-0.0004877316
-0.00048536563
-0.00048233836
-0.00047989542
-0.0004769826
-0.00047458784
-0.00047166747
-0.00046943635
-0.00046682984
-0.00046484536
-0.00046233417
-0.0004604153
-0.00045797828
-0.00045605213
-0.00045358832
-0.00045175446
-0.00044942767
-0.00044762323
-0.00044526585
-0.0004435188
-0.00044128607
-0.00043957116
-0.0004373001
-0.00043568062
-0.00043359338
-0.00043205576
-0.00043000438
-0.00042860524
-0.0004267965
-0.00042563962
-0.0004239389
-0.00042271314
-0.0004209112
-0.00041978445
-0.00041828147
-0.00041729034
-0.00041558244
-0.00041444652
-0.0004129146
-0.00041194473
-0.00041030205
-0.00040913315
-0.00040747135
-0.00040648115
-0.0004050257
-0.00040413602
-0.00040268412
-0.00040181843
-0.00040053565
-0.00039994286
-0.0003988075
-0.00039821042
-0.00039715008
-0.00039677302
-0.0003958632
-0.00039533144
-0.00039408237
-0.00039344208
-0.00039239274
-0.00039191855
-0.00039080766
-0.0003902553
-0.0003892779
-0.00038892252
-0.00038791937
-0.0003873461
-0.0003862073
-0.00038574458
-0.00038488736
-0.00038462004
-0.00038371846
-0.00038335155
-0.0003824562
-0.00038205815
-0.00038093247
-0.00038023174
-0.00037901566
-0.00037843306
-0.00037723916
-0.00037652865
-0.00037530923
-0.00037475556
-0.00037370718
-0.00037321882
-0.00037215502
-0.00037162084
-0.00037044563
-0.00036982613
-0.00036880793
-0.00036846334
-0.00036749616
-0.00036701854
-0.00036599443
-0.00036550482
-0.0003643375
-0.0003636124
-0.00036226324
-0.00036142138
-0.00035995504
-0.00035904563
-0.00035754294
-0.00035647774
-0.00035475113
-0.00035352164
-0.00035166394
-0.00035035738
-0.0003485243
-0.0003472416
-0.00034527844
-0.00034379572
-0.00034179125
-0.00034036365
-0.00033822953
-0.00033651103
-0.0003342033
-0.00033247797
-0.00033014055
-0.00032828885
-0.0003258901
-0.0003241826
-0.00032193045
-0.0003201125
-0.0003175801
-0.0003155496
-0.0003129542
-0.00031091276
-0.0003082308
-0.00030604252
-0.00030326803
-0.000301116
-0.00029844142
-0.00029619096
-0.00029307554
-0.0002903941
-0.0002872238
-0.00028468846
-0.0002815012
-0.0002787635
-0.00027547037
-0.00027288415
-0.00026977758
-0.00026714866
-0.00026386723
-0.00026119917
-0.00025806943
-0.0002555553
-0.0002523631
-0.00024965414
-0.0002464242
-0.00024388527
-0.00024077542
-0.00023804407
-0.00023458754
-0.00023178346
-0.00022845366
-0.00022552806
-0.00022184516
-0.00021878936
-0.00021531552
-0.00021245817
-0.00020899936
-0.00020615738
-0.00020276917
-0.00019992542
-0.00019650214
-0.0001936477
-0.00019013027
-0.00018714282
-0.00018362701
-0.00018076932
-0.00017734867
-0.00017449583
-0.00017110893
-0.00016835508
-0.00016499773
-0.0001621574
-0.00015866185
-0.00015571542
-0.00015228754
-0.00014958736
-0.00014631875
-0.00014355918
-0.00014018957
-0.00013746964
-0.00013421538
-0.00013143879
-0.0001279355
-0.00012506051
-0.00012177842
-0.00011920161
-0.0001160923
-0.00011361115
-0.00011054214
-0.00010795442
-0.00010465919
-0.000102017104
-0.00009896386
-0.000096570024
-0.00009358479
-0.00009118474
-0.00008822418
-0.00008588566
-0.000082941006
-0.00008056268
-0.00007760971
-0.00007530184
-0.00007247681
-0.000070269496
-0.000067401495
-0.000065031905
-0.00006206742
-0.000059777034
-0.00005694384
-0.00005464261
-0.000051731273
-0.000049554554
-0.000046884477
-0.000044754608
-0.000041986463
-0.00003990873
-0.000037419406
-0.00003564715
-0.000033276403
-0.000031426793
-0.000028958166
-0.000027223396
-0.000025084993
-0.000023484758
-0.000021035172
-0.000019184572
-0.000017007882
-0.00001556777
-0.000013448527
-0.000011910308
-0.000009957646
-0.000008802036
-0.0000070576443
-0.000005824154
-0.0000039922043
-0.0000028695429
-0.0000012873211
-0.00000040816514
0.0000010611133
0.0000018962651
0.0000032567357
0.00000399327
0.0000053934255
0.0000063078473
0.000007851337
0.0000086505115
0.000009900828
0.000010476916
0.000011638977
0.000012184787
0.000013318657
0.000013818774
0.000014899404
0.000015381906
0.00001649863
0.000016934513
0.00001777125
0.00001788469
0.000018675331
0.00001888014
0.000019578105
0.00001958069
0.000020300857
0.000020585943
0.000021474287
0.000021614736
0.000022342558
0.000022550408
0.000023393211
0.000023507837
0.0000240996
0.000024081835
0.000024785022
0.000024914167
0.000025633522
0.000025679718
0.000026221061
0.000026097005
0.000026683783
0.000026733675
0.000027387689
0.000027448541
0.000028212637
0.0000284105
0.00002921706
0.000029421015
0.000030259702
0.000030314031
0.000030768024
0.00003055509
0.000030970263
0.0000306967
0.000030919233
0.000030383213
0.000030374027
0.000029727657
0.000029805089
0.000029377317
0.00002959305
0.000029232831
0.000029714816
0.000029779943
0.000030442545
0.000030335512
0.00003082762
0.000030765255
0.00003122506
0.000030738054
0.000030696254
0.000030125171
0.000030319294
0.000029837178
0.000029786852
0.000028986515
0.000028867216
0.000028194472
0.00002810832
0.000027270615
0.000027037446
0.000026353493
0.000026506264
0.00002596285
0.000025857762
0.00002507681
0.000024989899
0.00002426413
0.000024068344
0.000023063327
0.000022513397
0.000021196745
0.000020454496
0.000019098376
0.000018429466
0.0000171857
0.00001673992
0.00001582985
0.000015614592
0.0000146892735
0.000014359408
0.000013630478
0.00001390685
0.000013664083
0.000014038188
0.000013890862
0.000014577582
0.000014567005
0.000014896707
0.000014355055
0.000014430816
0.0000138830555
0.000013980818
0.000013444692
0.000013550787
0.000013057984
0.000013334751
0.000012994746
0.000013204989
0.000012724926
0.000013060681
0.0000129800865
0.000013627941
0.000013679924
0.000014605945
0.000015150432
0.000016465869
0.00001710182
0.000018279687
0.00001871955
0.00001984536
0.00002042071
0.000021735517
0.000022397468
0.000023668397
0.000024367244
0.00002589614
0.000026810747
0.000028355822
0.000029370467
0.00003126344
0.00003266142
0.00003484598
0.000036550686
0.000039058443
0.000040797167
0.000042999218
0.000044554996
0.00004691717
0.00004871622
0.000051120278
0.000052687996
0.000054849286
0.000056436984
0.000058781505
0.000060434657
0.00006271526
0.00006447268
0.00006714658
0.00006924154
0.00007188885
0.00007380309
0.00007649953
0.000078705954
0.00008160469
0.00008372853
0.00008659233
0.00008903279
0.00009225096
0.000094641684
0.00009747542
0.0000995213
0.00010220097
0.000104177074
0.000106837695
0.000108778004
0.000111197565
0.00011284878
0.00011534657
0.0001172314
0.00011956944
0.0001210633
0.00012335576
0.0001251825
0.00012770938
0.00012941707
0.00013178022
0.00013361461
0.00013623785
0.00013811958
0.00014048332
0.00014197682
0.00014415187
0.00014568957
0.00014784616
0.00014922219
0.00015131086
0.00015292851
0.0001553363
0.00015684841
0.00015885718
0.00016024303
0.00016244987
0.0001639405
0.0001659979
0.00016729854
0.00016928691
0.00017059133
0.00017260163
0.00017386566
0.0001756434
0.00017661344
0.00017830363
0.00017924207
0.00018071338
0.00018146001
0.0001831124
0.00018426558
0.00018601891
0.00018682383
0.00018820567
0.00018889805
0.00019026085
0.00019077788
0.00019181593
0.00019213319
0.00019328838
0.00019376166
0.00019481053
0.00019505393
0.00019596356
0.00019621561
0.00019729746
0.00019775415
0.00019894238
0.00019945328
0.00020064972
0.00020106851
0.00020222855
0.00020289903
0.00020449302
0.00020526756
0.0002065835
0.00020735578
0.00020907729
0.00021005345
0.00021154231
0.00021225127
0.00021380075
0.00021470376
0.0002162831
0.00021714537
0.00021874734
0.00021962699
0.00022127689
0.0002223205
0.00022411402
0.00022511688
0.00022682232
0.00022792078
0.00022977822
0.00023074629
0.0002323628
0.00023343963
0.00023549347
0.0002369142
0.00023896302
0.00024019457
0.00024225295
0.00024382414
0.00024624792
0.000247767
0.00024976392
0.00025115744
0.00025371442
0.00025570582
0.00025831984
0.00026027852
0.0002632176
0.00026548922
0.0002682689
0.00026998002
0.00027224974
0.0002738562
0.00027639032
0.0002783696
0.00028118296
0.00028331965
0.00028632983
0.00028861052
0.00029142055
0.00029323073
0.00029567603
0.0002975821
0.00030050578
0.00030266118
0.0003053848
0.00030731136
0.00030998743
0.00031169754
0.00031375047
0.00031483747
0.00031679365
0.00031820635
0.00032043934
0.00032185926
0.00032389723
0.00032511726
0.00032710092
0.00032822636
0.00032990403
0.00033076177
0.0003325451
0.00033368866
0.0003353933
0.00033616365
0.0003378967
0.00033918922
0.0003412642
0.00034238072
0.00034411068
0.0003450154
0.0003465879
0.00034726044
0.00034869503
0.00034939728
0.00035068463
0.0003510439
0.00035232367
0.00035305656
0.00035460302
0.000355382
0.00035700467
0.000357978
0.00035983694
0.00036103243
0.00036307072
0.00036423194
0.0003660866
0.00036728426
0.0003692944
0.0003704103
0.0003721316
0.00037284795
0.00037416772
0.00037472358
0.00037623383
0.00037702624
0.0003784315
0.00037894372
0.0003803729
0.00038109516
0.00038239415
0.00038268988
0.0003838483
0.00038448168
0.00038594284
0.00038632532
0.00038731788
0.00038765994
0.00038895442
0.00038932476
0.0003901517
0.00039003065
0.00039086668
0.00039119224
0.00039252747
0.00039314962
0.00039461415
0.00039558837
0.0003979204
0.00039970299
0.00040206077
0.00040341137
0.00040564098
0.00040719888
0.0004094488
0.00041059323
0.00041240483
0.00041349974
0.00041540118
0.00041629243
0.0004177223
0.00041820877
0.00041966783
0.00042052974
0.0004222281
0.00042302316
0.00042465236
0.00042578197
0.0004279164
0.000428907
0.00043036864
0.00043109903
0.00043280065
0.00043345298
0.0004345802
0.0004348867
0.00043619057
0.00043661986
0.0004376606
0.00043774003
0.00043849557
0.00043826847
0.00043880762
0.00043848474
0.00043896135
0.00043865465
0.00043931397
0.00043920634
0.00043981275
0.0004394765
0.00043998842
0.0004396812
0.00044018
0.00043973935
0.0004398302
0.00043871457
0.00043833288
0.00043716616
0.00043678217
0.00043534613
0.00043456076
0.00043301733
0.00043256427
0.00043124164
0.0004304714
0.00042862925
0.00042750168
0.0004253806
0.0004240108
0.00042185534
0.0004206008
0.00041805024
0.00041561454
0.0004119101
0.00040893673
0.00040499456
0.00040170626
0.0003974182
0.00039410155
0.00039008152
0.000386888
0.00038267174
0.00037922402
0.0003750463
0.00037211017
0.00036864486
0.00036602898
0.00036224557
0.00035908073
0.00035496216
0.00035143254
0.00034641774
0.00034192222
0.00033678187
0.00033288792
0.0003281755
0.00032413757
0.0003191253
0.00031511343
0.00031043703
0.00030673612
0.00030193976
0.0002977281
0.00029291777
0.0002898318
0.00028627002
0.00028334404
0.0002794252
0.0002766463
0.000273027
0.000269889
0.0002654052
0.0002618151
0.00025769413
0.00025472054
0.00025088628
0.00024791525
0.00024408582
0.00024130844
0.00023761007
0.00023465774
0.00023089536
0.00022841788
0.00022561611
0.00022420508
0.00022211937
0.00022117382
0.00021963814
0.00021924157
0.00021802833
0.00021774865
0.00021655027
0.00021620859
0.00021488854
0.00021447153
0.00021307547
0.00021237369
0.00021067656
0.00021014216
0.00020885086
0.00020834095
0.00020678638
0.00020646129
0.00020572256
0.00020609781
0.00020558601
0.00020641724
0.00020699391
0.00020884699
0.00020959767
0.0002109709
0.0002113626
0.00021282776
0.000213337
0.00021470153
0.00021514733
0.00021647698
0.00021689273
0.00021855786
0.00021951098
0.00022133622
0.00022213974
0.00022392959
0.0002248397
0.00022681754
0.00022817017
0.00023082158
0.00023236164
0.00023451139
0.00023582156
0.00023832428
0.00023980268
0.00024192235
0.00024272937
0.00024428568
0.00024478472
0.00024621974
0.00024658022
0.00024758547
0.00024740776
0.0002483619
0.00024850166
0.00024933208
0.00024887014
0.0002495894
0.0002499388
0.0002514879
0.0002516743
0.0002525938
0.00025285973
0.00025448223
0.00025490377
0.0002555433
0.00025463421
0.00025471853
0.0002540218
0.0002542433
0.0002531783
0.00025297503
0.00025207587
0.0002524733
0.00025149225
0.00025075043
0.00024872244
0.00024783763
0.00024609242
0.00024537425
0.0002436191
0.0002428354
0.0002410139
0.00024011082
0.00023821839
0.0002374331
0.00023573448
0.00023529927
0.00023412835
0.00023400305
0.00023257761
0.0002317989
0.00023020689
0.00023012911
0.0002289517
0.00022840884
0.00022693811
0.00022691357
0.00022584535
0.00022534095
0.00022365637
0.00022331532
0.00022218753
0.00022207224
0.0002208485
0.00022051735
0.00021903159
0.00021857601
0.00021692547
0.0002159873
0.00021390822
0.00021325688
0.00021193911
0.00021150075
0.0002097415
0.0002091596
0.00020773856
0.00018130835
0.00017947074
0.00017834107
0.0001760672
0.0001751336
0.00014925496
0.000149189
0.00014816798
0.0001480688
0.0001468696
0.000120107106
0.00011894887
0.00011844863
0.00011674306
0.00011615802
0.00011446999
0.00011379072
0.00011206989
0.00011136515
0.00010893557
0.00010683618
0.00010365121
0.00010202689
0.000099676436
0.00009824695
0.00009511603
0.00009264375
0.00008899958
0.000086092106
0.0000823148
0.00007864702
0.000075100324
0.000073026175
0.00007065356
0.00006883548
0.00006590691
0.00006391917
0.000061420986
0.000059459075
0.000030328902
0.000027633685
0.00002471773
-0.0000028570894
-0.000005612591
-0.00000778738
-0.000011253475
-0.000014250799
-0.000018068773
-0.000021107313
-0.000024395064
-0.000027561804
-0.00003068749
-0.000033538818
-0.0000349863
-0.000037845813
-0.00003944631
-0.00004251676
-0.00004359991
-0.000046656736
-0.000049310063
-0.00005222906
-0.0000555439
-0.000057932753
-0.000059590773
-0.00006221777
-0.0000642553
-0.00006525917
-0.000066221764
-0.00006718554
-0.00006694308
-0.00006901352
-0.00006551939
-0.00006683976
-0.00006331752
-0.000064013126
-0.000060658065
-0.00006229851
-0.00005665929
-0.000060470808
-0.000054116328
-0.000060235776
-0.000052452906
-0.000059196864
-0.0000483579
-0.000058495276
-0.000047491005
-0.000054279604
-0.000045619247
-0.000051041894
-0.00004456079
-0.000049422226
-0.000041200383
-0.00004618554
-0.00003480949
-0.00003987069
-0.000032050004
-0.000035289042
-0.000025403731
-0.000029700803
-0.00004535727
-0.000048783175
-0.000044351993
-0.000047900954
-0.000042072123
-0.00004406273
-0.00003818496
-0.000040505576
-0.000035746267
-0.00003630985
-0.00003167887
-0.000034039473
-0.000031277606
-0.000030982235
-0.000029348075
-0.000027512668
-0.00002626855
-0.000026330132
-0.000026368029
-0.000025021049
-0.000023101737
-0.000022125541
-0.000017125418
-0.000017562941
-0.000013193664
-0.000014639029
-0.000011061616
-0.0000133711055
-0.00000982131
-0.000013774983
-0.000009696963
-0.000015129504
-0.0000095745045
-0.0000136241615
-0.000008906384
-0.000012032095
-0.000007418467
-0.000009867895
-0.000006601015
-0.000009199551
-0.0000064011983
-0.0000082202505
-0.0000053312456
-0.000007972261
-0.0000052675896
-0.0000078401845
-0.000004270163
-0.000006947167
-0.0000042670663
-0.000007114613
-0.0000042647557
-0.0000074306577
-0.0000047750677
-0.0000074665613
-0.000004143404
-0.000006818097
-0.000004566931
-0.0000067227575
-0.0000051099896
-0.000005957358
-0.0000059570484
-0.000005587843
-0.000005500997
-0.0000053530457
-0.000005044722
-0.0000043871087
-0.0000045188144
-0.00000458331
-0.000004788997
-0.000004173292
-0.0000047131025
-0.0000037174595
-0.0000043936698
-0.0000034458003
-0.0000040756636
-0.0000023075352
-0.0000026150067
-0.0000012896212
-0.0000032654327
-0.0000015453288
-0.000003322806
-0.0000017844328
-0.0000032125074
-0.0000016944023
-0.0000030527613
-0.000001891456
-0.0000029940848
-0.0000022020013
-0.000003015744
-0.0000014705065
-0.000001340864
-0.00000116333
-0.000001107744
-0.00000094220763
-0.0000012405937
-0.0000010618928
-0.0000011466426
-0.00000093374376
-0.0000010902526
-0.0000009930552
-0.0000009822508
-0.0000010609031
-0.0000010761623
-0.0000007743762
-0.0000003471585
-0.00000041049478
-0.00000041305285
