0.000029494015
0.000029349756
0.000029208977
0.000029071633
0.000028937675
0.00005649681
0.000056253662
0.00005601661
0.000055785567
0.000055560435
0.000085792846
0.00008544844
0.000085112726
0.00008478558
0.000084466876
0.00008415651
0.00008385438
0.00008356039
0.00008327447
0.00008299653
0.00008272651
0.00008246436
0.000082210005
0.00008196342
0.00008172456
0.0000814934
0.0000812699
0.00008105404
0.00008109599
0.0000804478
0.00008067773
0.00008008118
0.00008010981
0.00007976018
0.00007974315
0.00007941369
0.000079457044
0.00007915034
0.0000791872
0.00010810415
0.00010809062
0.00010784588
0.00013749447
0.00013726327
0.00013693479
0.00013645337
0.00013660063
0.00013630516
0.00013648559
0.00013571115
0.00013577704
0.00013458567
0.0001353578
0.00013395614
0.00013512264
0.0001331919
0.0001345163
0.00013263659
0.00013395546
0.00013268484
0.00013268655
0.00013232083
0.00013283834
0.00013159007
0.00013286155
0.00013228439
0.00013238084
0.00013156419
0.00013202106
0.0001296778
0.0001316109
0.00012684189
0.00012961405
0.0001254369
0.00012736385
0.00012399719
0.00012827895
0.00012285808
0.00012905318
0.00012205693
0.00013061234
0.00012213524
0.00013187304
0.00012068269
0.00013500858
0.00012428456
0.00013567688
0.00012819738
0.00013781336
0.00013261035
0.00014250245
0.00013697674
0.00014795111
0.00013876536
0.00014996315
0.00014570916
0.00015562071
0.00014876046
0.00015867225
0.00017976292
0.00018838035
0.00018641268
0.00019431165
0.00018983091
0.00019565895
0.0001914666
0.00019865323
0.00019687794
0.00020277797
0.00020155088
0.00020969192
0.0002104096
0.00021546362
0.00021830677
0.00022294343
0.00022609567
0.00023090967
0.0002341111
0.00023723528
0.00023737333
0.0002385157
0.00023284873
0.00023505902
0.00023069845
0.00023437958
0.00023098747
0.00023591044
0.00023277075
0.00023970452
0.00023614147
0.00024458233
0.00023855547
0.00024475323
0.00023980447
0.0002451105
0.00023909884
0.00024167643
0.0002362047
0.00023906433
0.00023389338
0.00023439615
0.00022732002
0.00022835098
0.00022293783
0.00022579254
0.00021976812
0.00022141128
0.00021546136
0.00021804521
0.00021233545
0.00021367674
0.00020640055
0.00020709573
0.00019947792
0.00019945178
0.00019128896
0.00018914187
0.00018141005
0.00017837327
0.00017303125
0.00016868503
0.00016299669
0.00015895019
0.0001530746
0.00014768347
0.00014109982
0.00013596944
0.00013041795
0.0001266242
0.00012271455
0.00011820971
0.00011414618
0.00011011678
0.00010598849
0.000099868346
0.00009450508
0.00008986724
0.00008844463
0.00008468928
0.00008312947
0.00007886567
0.00007610968
0.00007176414
0.00006932642
0.000065822605
0.00006415271
0.000063526
0.000064195316
0.00006319926
0.000061362756
0.0000614721
0.00006093307
0.00006165161
0.000060437436
0.000060008293
0.00005863543
0.000058908357
0.000058086847
0.000059041584
0.000058997706
0.00006032188
0.00005941888
0.000060357594
0.00006044138
0.00006310772
0.00006428105
0.00006705077
0.00006926966
0.00007383097
0.0000774218
0.00008322906
0.00008736127
0.000093371615
0.00009888309
0.00010702635
0.000113745526
0.000121915895
0.00012774146
0.00013471882
0.0001402025
0.00014815257
0.0001548855
0.00016324605
0.0001703985
0.00018071328
0.0001902938
0.00020105038
0.00020916776
0.00021892248
0.00022732605
0.00023674664
0.00024244408
0.00024856578
0.00025339186
0.00026084663
0.00026627062
0.0002720956
0.00027532896
0.00028039762
0.00028388988
0.00028872307
0.00029076438
0.00029348495
0.00029466912
0.00029925903
0.00030284902
0.00030717574
0.00030869298
0.00031187088
0.00031304732
0.0003146798
0.00031253873
0.00031105688
0.0003076951
0.0003057882
0.00030106417
0.00029688067
0.0002898521
0.00028439707
0.00027692108
0.00027041152
0.00026107236
0.00025342248
0.00024553476
0.00024119143
0.00023504157
0.00023074997
0.00022609699
0.00022453749
0.00022019584
0.00021577782
0.00020870935
0.00020344972
0.00019550246
0.00018820437
0.00017851237
0.00017049936
0.00016038274
0.00015205386
0.00014164385
0.0001329675
0.00012264404
0.00011490604
0.00010574864
0.000098597906
0.000090208785
0.000085266445
0.00007996549
0.00007775648
0.00007417595
0.00007204115
0.00006711055
0.00006426573
0.000060164333
0.00005816255
0.000053829015
0.00005113005
0.00004704672
0.00004594172
0.00004261039
0.000039777988
0.00003383252
0.00002935359
0.000022808827
0.00001899625
0.000015200094
0.000015688896
0.0000143356065
0.000013647209
0.0000108508275
0.000010998446
0.000009702432
0.000010280744
0.000008873133
0.0000105942
0.000011253579
0.0000135671735
0.000012426043
0.000011912004
0.000008802507
0.000008313852
0.0000063406274
0.0000058308674
0.0000020732966
0.00000021777754
-0.0000027311064
-0.0000035853932
-0.000008346391
-0.000012042694
-0.000016637829
-0.000017803872
-0.000021758837
-0.000025732214
-0.000033304772
-0.000038950264
-0.000046232843
-0.00005131012
-0.000059939008
-0.00006853922
-0.00007920081
-0.00008538621
-0.00009333929
-0.000101606645
-0.00011353594
-0.00012267291
-0.00013366816
-0.00014373523
-0.0001573043
-0.00016811205
-0.00017913592
-0.00018682808
-0.00019691538
-0.00020540076
-0.00021622551
-0.00022420024
-0.00023443789
-0.00024303657
-0.0002532476
-0.00025953623
-0.00026613232
-0.00026963875
-0.00027612172
-0.0002811477
-0.00028859384
-0.0002937634
-0.00030105596
-0.00030544074
-0.00031092783
-0.00031293865
-0.0003163779
-0.00031689904
-0.00031962266
-0.00032082602
-0.00032459965
-0.0003248123
-0.00032624346
-0.00032544846
-0.0003270075
-0.00032455666
-0.00032248723
-0.00031826785
-0.0003174481
-0.00031332916
-0.00030919674
-0.00030173786
-0.000297768
-0.00029241733
-0.00028862388
-0.00028067437
-0.00027442028
-0.00026567918
-0.0002590313
-0.0002502814
-0.00024398918
-0.00023369405
-0.00022427984
-0.00021207526
-0.00020180944
-0.00018810121
-0.00017603912
-0.00016079369
-0.00014664172
-0.0001288736
-0.00011533331
-0.000102136124
-0.00009176175
-0.00007838348
-0.000068583395
-0.000058672467
-0.00005371982
-0.00004758666
-0.000044349927
-0.000038200084
-0.000034084227
-0.000027193784
-0.000021547028
-0.000010316016
0.00000036490218
0.000012290719
0.00001903306
0.000027398262
0.000033256332
0.000039412862
0.000037711467
0.0000348588
0.000029793584
0.000029292447
0.000025525651
0.000020765285
0.000010419377
0.0000024043638
-0.000007994427
-0.000017254602
-0.00003197752
-0.00004540774
-0.000059855098
-0.00006909725
-0.00008186887
-0.00009507517
-0.000112343645
-0.00012668621
-0.0001444178
-0.00016124069
-0.0001830928
-0.00020409118
-0.00022915166
-0.00025244048
-0.00027827968
-0.0003000786
-0.000323312
-0.00034176826
-0.00036120252
-0.00037747613
-0.00039773405
-0.00041627485
-0.0004350632
-0.00044647465
-0.00045933158
-0.0004698185
-0.0004816005
-0.00048832153
-0.0004995731
-0.0005127726
-0.00053177576
-0.0005476502
-0.00056596124
-0.0005813274
-0.0005987069
-0.0006120654
-0.000627599
-0.00063968403
-0.00065584347
-0.0006716043
-0.0006917715
-0.0007075554
-0.0007247107
-0.00073959207
-0.0007576302
-0.00076965877
-0.0007811056
-0.00078849104
-0.0007999421
-0.00080961996
-0.0008223336
-0.00082991715
-0.0008377839
-0.0008402422
-0.000844017
-0.00084359414
-0.0008443812
-0.0008392601
-0.00083605904
-0.00082953554
-0.0008242476
-0.00081274926
-0.00080148224
-0.00078410277
-0.00076692196
-0.00074520375
-0.0007300397
-0.0007168083
-0.00070817536
-0.00069503026
-0.0006843126
-0.0006720003
-0.0006663323
-0.0006588681
-0.0006536631
-0.00064452714
-0.0006399162
-0.00063278346
-0.0006260593
-0.0006111609
-0.0005981185
-0.000584928
-0.0005779126
-0.0005664794
-0.0005556513
-0.0005420431
-0.0005355083
-0.00052576914
-0.0005148789
-0.00049774814
-0.00048707754
-0.00047834346
-0.0004759264
-0.00047083467
-0.00046925063
-0.00046303775
-0.00046012126
-0.00045639442
-0.00045722758
-0.00045057954
-0.00044530362
-0.0004401227
-0.0004411405
-0.00043574406
-0.00042956215
-0.0004189786
-0.00041396904
-0.00040515244
-0.00039664868
-0.00038253274
-0.0003732416
-0.00036364153
-0.00036093
-0.00035504546
-0.00035321468
-0.000349909
-0.00035164016
-0.00034804226
-0.0003436987
-0.0003334803
-0.00033026576
-0.0003258835
-0.00032338695
-0.00031430548
-0.00030939002
-0.00030285981
-0.00030121987
-0.00029582527
-0.0002950945
-0.0002918829
-0.00029436013
-0.00029576977
-0.00030304652
-0.0003069924
-0.00031688783
-0.00032520303
-0.0003358591
-0.00033627634
-0.0003354018
-0.00033078447
-0.00033214907
-0.0003286381
-0.00032670863
-0.00032051047
-0.0003212797
-0.00032094592
-0.00032374045
-0.00031821599
-0.00031519038
-0.00030959537
-0.00030886644
-0.0003034418
-0.00029994495
-0.00028772771
-0.00027624954
-0.0002592635
-0.00024549296
-0.00022804474
-0.0002177196
-0.00020488955
-0.00019423378
-0.00017714189
-0.00017050556
-0.00016832683
-0.00017095765
-0.0001672525
-0.00017290993
-0.0001837945
-0.00020465467
-0.00022031943
-0.00023974001
-0.00025599537
-0.00027638278
-0.00029002078
-0.00030487997
-0.0003100408
-0.00031421386
-0.00031159766
-0.00031359665
-0.00030898149
-0.00030447182
-0.0002948149
-0.00029585132
-0.0002957593
-0.0002952107
-0.0002814763
-0.00026978474
-0.00025838
-0.00025684483
-0.0002495639
-0.0002419174
-0.00022775427
-0.00022416422
-0.00022191579
-0.00022023791
-0.00020147314
-0.00018170202
-0.00015799206
-0.00013562775
-0.00010125988
-0.000070450995
-0.000041411142
-0.000027948638
-0.000017102873
-0.000012572387
-0.0000013548566
0.000006645495
0.000020591124
0.000029737568
0.000045183908
0.000051948155
0.000054642478
0.00004440211
0.00003826891
0.000035456087
0.00004948993
0.000062966166
0.000083050414
0.00010190828
0.00012935296
0.0001460233
0.00015732118
0.00015933624
0.00017196263
0.00018436884
0.00020279718
0.00021327964
0.00022308026
0.00021927548
0.000214059
0.00019550438
0.00017472229
0.0001468463
0.00013212813
0.00011752173
0.000104010294
0.000082214116
0.0000777196
0.0000836795
0.000101144615
0.000110171226
0.00012507624
0.00013854084
0.00016115271
0.00017741391
0.00020027027
0.00021752577
0.0002332323
0.00023338513
0.00023778927
0.00023599969
0.00023617604
0.00022749903
0.00022621537
0.000222872
0.00023084572
0.00023767476
0.0002547686
0.00026415254
0.00027932797
0.00029656364
0.00032861752
0.00035769644
0.00039148482
0.000411529
0.00043118733
0.0004432661
0.0004633894
0.0004716222
0.00047437914
0.0004646274
0.00046390397
0.00045202012
0.00042989312
0.00038733965
0.00035341553
0.00032290156
0.00030058355
0.00026089966
0.0002247634
0.00019499255
0.00018811469
0.0001753113
0.00015892801
0.00013159952
0.00011924855
0.000110513305
0.00011398708
0.0001066088
0.00010013382
0.000093469105
0.000115699106
0.0001406988
0.0001610213
0.00016181244
0.00016957408
0.00016930349
0.0001654085
0.00013955808
0.00011897777
0.00009855695
0.000087482076
0.00006342852
0.000042041833
0.000011439226
-0.0000033577555
-0.000015084933
-0.000013410564
-0.000016985297
-0.0000060898324
0.000012966104
0.00004808078
0.00005919711
0.00006142939
0.000057330497
0.00006578724
0.00005130556
0.000023111643
-0.000018885246
-0.00004680258
-0.00008380981
-0.000116269795
-0.0001536344
-0.00017732676
-0.00020690412
-0.00022606483
-0.00025485374
-0.00027369894
-0.0002907633
-0.00028220224
-0.00027380924
-0.00025920683
-0.00025201714
-0.0002246566
-0.00019469448
-0.00014969418
-0.000117911004
-0.000092211936
-0.0000891299
-0.000074728654
-0.000067345
-0.00006262401
-0.00008319272
-0.00009866751
-0.00010947316
-0.00008907639
-0.00007154303
-0.000050829698
-0.000044227574
-0.000033631364
-0.000042390933
-0.000042120086
-0.000034797486
0.000003831694
0.000023356437
0.000023513265
0.0000047549424
0.00000383646
-0.000005384032
-0.0000062693694
-0.0000043703917
0.000041691877
0.000102955724
0.00017590825
0.00022318866
0.00026624365
0.00029931893
0.00036545933
0.00044355716
0.00053167937
0.00058993074
0.0006466705
0.0006838598
0.0006939934
0.000624048
0.0005294223
0.000451754
0.00043467045
0.00042456467
0.00041990832
0.00040860908
0.0004306583
0.00046162715
0.0005061289
0.0005089878
0.00048907794
0.00047029654
0.00052544486
0.000606846
0.000697398
0.0007825609
0.0009049109
0.001011993
0.0010847802
0.001077324
0.0010341379
0.0009605974
0.0008967398
0.0008231284
0.0007749946
0.0007311327
0.0007174271
0.0006689903
0.00057778566
0.00043493265
0.00030888306
0.00020578018
0.00016116134
0.00013704253
0.00016249246
0.00020732671
0.00028575817
0.000344582
0.00039323766
0.0004017851
0.00040454176
0.00036692206
0.00031228736
0.00020624614
0.00008061855
-0.00006411108
-0.00015488146
-0.00022081062
-0.00024538548
-0.00024776947
-0.00017141832
-0.00008383901
-0.000026041647
-0.000022862578
0.000046232803
0.00018902544
0.00038014824
0.00051850226
0.00064416777
0.0007560948
0.00087597466
0.00092363654
0.00093011407
0.0008807056
0.0007933821
0.0006300269
0.00046109833
0.00024723704
0.000005243248
-0.0002651893
-0.00047550056
-0.00063826283
-0.00069968944
-0.0006784221
-0.0005486336
-0.00043602224
-0.00034319915
-0.00025337958
-0.00011881114
-0.000041544434
-0.000017735058
-0.00006292044
-0.000089538524
-0.00013437658
-0.00017533133
-0.00028106367
-0.0004080669
-0.0005454741
-0.00063955854
-0.00082863495
-0.0011226563
-0.0014434947
-0.001578365
-0.0015480397
-0.0014204817
-0.0013202693
-0.0011481087
-0.0009017967
-0.0006154768
-0.00049476867
-0.0005495918
-0.00069992495
-0.00074951246
-0.0007446323
-0.0007534085
-0.0009254202
-0.0011632987
-0.0013502606
-0.0013164277
-0.0011895358
-0.0010379283
-0.0009247795
-0.0007865706
-0.00072409894
-0.0007262458
-0.00084283546
-0.00093162357
-0.00095422077
-0.0008639042
-0.0007896429
-0.0007453107
-0.0008228994
-0.00089733663
-0.0009996322
-0.0011269614
-0.0013412564
-0.0014541522
-0.0013738571
-0.0011320019
-0.0010459058
-0.0010608583
-0.0010754566
-0.001025009
-0.0011470326
-0.0013435949
-0.0014394093
-0.0013672153
-0.0014474635
-0.0015665445
-0.0014578264
-0.001024553
-0.0007305287
-0.0008094237
-0.0013096579
-0.0018876626
-0.0023349228
-0.0024636905
-0.002508551
-0.002442767
-0.0020638485
-0.0012447421
-0.00054493314
-0.0003623214
-0.00078547065
-0.0013317955
-0.0016570026
-0.001478907
-0.0010648532
-0.0006411129
-0.00042950705
-0.00034431226
-0.00043750013
-0.0004908218
-0.00047560278
-0.00020757648
0.000098479664
0.00015036503
-0.000116836665
0.00007163435
0.00056837057
0.00049402023
-0.00059292244
-0.0016704666
-0.001782233
-0.0007022482
0.00025364952
0.000032362695
-0.0008315763
-0.000942045
-0.000403655
0.00030852982
0.00042557163
0.000012007717
0.00006987229
0.0009907631
0.0013766135
0.0011071403
0.0007621747
0.0009153743
0.001992192
0.0030186616
0.0014699362
-0.0015675039
-0.0026727489
-0.0003993369
0.0017355582
0.0005013978
-0.001545346
-0.00025776034
0.0022545361
0.0023076674
0.00044107335
-0.00015306514
0.0005894546
0.001309669
0.0010532944
0.0009325285
0.0015746087
0.0022705432
0.002238758
0.0009494156
-0.001960028
-0.0025253291
0.00007194695
0.0016781547
0.0010181317
0.000524708
0.00112277
0.0020705154
0.0010293494
-0.0004934199
0.0011288803
0.0047413786
0.004771498
0.0023955759
0.0010222673
0.0041039777
0.0077009266
0.0024316695
-0.0051480066
-0.0013774133
0.003599807
0.00043189773
0.0027310138
0.007124491
0.0028934288
0.0023963503
-0.0017404488
-0.010835286
-0.0056150956
0.006105968
0.0039292406
-0.005636512
-0.0072174477
0.0018301177
0.0000019461934
-0.0029188457
0.0027760789
-0.0007906688
-0.006017731
-0.0042226706
-0.0059055644
-0.0023133224
0.011208718
0.009679443
-0.0020217786
0.0033203925
0.0054289605
-0.0022219585
0.007806561
0.018798495
0.00096584583
-0.019071333
-0.007548515
0.015778454
0.016853275
0.004706773
-0.013614368
-0.012614951
0.014121268
0.022956396
-0.01027889
-0.037436713
-0.0051966878
0.037617505
0.017253766
-0.031514186
-0.0075413734
0.048935916
0.018044142
-0.023221675
0.00031983678
0.006282201
0.0023866869
0.0024316492
-0.0070885005
-0.0040375977
-0.005576747
-0.008128471
0.025637778
0.021155529
-0.069572516
0.004000284
0.24418974
0.29724804
0.14282782
-0.023071587
-0.06600122
0.05563304
0.05616269
-0.12293594
-0.0783671
0.07677041
0.047542814
-0.070649855
-0.060513277
0.015485255
0.013738963
-0.023888756
-0.008915852
-0.007527174
-0.016378617
-0.019050207
-0.018570503
-0.011261892
-0.006978643
-0.011061132
0.0037225126
-0.016342696
-0.023279002
-0.0047008395
-0.020242147
0.0043786117
-0.0204103
-0.07467698
-0.077251665
0.0007690336
0.07172091
-0.0060764947
-0.06970136
-0.017039666
0.03463855
0.023959845
-0.0356061
-0.050321806
-0.040441304
-0.028056663
0.00021163555
0.023910847
0.0006997025
-0.03393045
-0.045935147
-0.04747558
0.0031405822
0.031242456
-0.02972571
-0.05080205
-0.039121434
-0.045614697
-0.012003795
0.02956084
0.0021480785
-0.027218644
-0.018516872
-0.019132013
-0.023494804
-0.0053015286
0.018342065
-0.038687382
-0.061572812
0.005207789
0.025397032
-0.010755476
-0.01404555
0.0118846
-0.022549102
-0.045019448
-0.01658483
0.013892673
0.03081874
-0.014310585
-0.03108022
-0.008558747
-0.012094398
-0.006885555
0.00088915584
-0.010071306
0.0019576394
-0.0018493041
-0.000916569
0.011062655
-0.007209542
-0.019007048
-0.019479467
-0.022633592
-0.0055000177
0.00578701
0.008647794
0.012985306
0.00047268852
-0.028775884
-0.018369054
0.001590158
0.0056245704
0.01262285
-0.013130718
-0.01952259
-0.008048072
-0.015475121
-0.012073076
0.0041356953
-0.0006239529
-0.0070675076
-0.0060653305
0.004913496
0.0067750416
-0.004698753
-0.0035988449
-0.0011353526
-0.00624301
-0.008083316
-0.010051699
-0.009077815
0.0012043907
0.0014478309
-0.007977687
-0.008298674
-0.00629524
-0.002826834
0.0010678458
0.002028472
0.0035310406
0.00023063566
-0.0019991684
0.0024275468
0.002393576
-0.0020627144
-0.0034508936
-0.002408874
0.00032042453
0.00088028633
-0.0016962809
-0.0015393039
0.00024984445
-0.00022183427
-0.0005939217
0.000949383
0.0025615369
0.0024277894
0.0002955292
-0.0011463349
-0.0003128567
0.0012206868
0.0012543963
0.00061984337
0.0015983449
0.003169282
0.0043302355
0.005293954
0.0049898853
0.0042747287
0.0035402619
0.0016178126
-0.0006769809
-0.0016159223
-0.0012713866
0.0000020601594
0.0013339348
0.0021568907
0.0026766034
0.0032369941
0.0039676824
0.004680831
0.0045469822
0.0036781104
0.0031554012
0.0037716099
0.0045948727
0.0047711944
0.004310461
0.003587546
0.00306872
0.0031270403
0.0030745815
0.0026369002
0.0023623877
0.0028951548
0.0039125932
0.004763831
0.0050369403
0.0049047484
0.004663383
0.004505342
0.0041932766
0.003886254
0.0036016775
0.0033028843
0.0031047116
0.0031900357
0.0033898368
0.0038136782
0.004283381
0.004373371
0.0040615536
0.0039924635
0.0042113205
0.004277943
0.003914688
0.003605379
0.0037476742
0.004255698
0.0045471312
0.004370442
0.0039453455
0.0038500398
0.0041806446
0.004669682
0.004962214
0.0051103346
0.005244938
0.0054625166
0.005483906
0.0052150744
0.0047993315
0.0044788253
0.00427578
0.004258937
0.004314409
0.0044226386
0.004572617
0.0048095207
0.004983194
0.005037499
0.0049252147
0.0047749463
0.0045761885
0.0043316875
0.004053461
0.0039149323
0.003919365
0.0039818203
0.0039529772
0.0039721737
0.0040786434
0.004198114
0.004216085
0.004251622
0.0043122987
0.0043687546
0.0042989585
0.0041438513
0.0039813034
0.003899283
0.0038082644
0.0037685842
0.0037947306
0.0038891332
0.003978816
0.0041154143
0.004291992
0.004515014
0.0046827453
0.0047750827
0.0047078985
0.0045442837
0.0044103824
0.004425854
0.004475582
0.0045100055
0.004487338
0.0044733314
0.0044711228
0.004502914
0.004517023
0.00452191
0.004475005
0.004451598
0.0044442536
0.0043981285
0.0042309514
0.004075659
0.004009744
0.0040230765
0.003990484
0.003945955
0.0039355014
0.0039901733
0.0040379604
0.004096083
0.004148957
0.0042312173
0.004291101
0.0043160697
0.0042767753
0.0042256815
0.0041520875
0.0040907236
0.0040090783
0.0039322446
0.0038949817
0.003963848
0.004053827
0.004113837
0.0040931087
0.0040368745
0.0039645927
0.0039322795
0.00392747
0.0039588297
0.0039676004
0.003964867
0.0039255605
0.0038579062
0.0037401242
0.0036265966
0.0035477222
0.0035537388
0.0035619764
0.0035393757
0.003499374
0.0035028376
0.0035049592
0.0034974113
0.0034739717
0.0034906361
0.003519895
0.003545199
0.0035341952
0.003523503
0.003493384
0.0034557965
0.0033823207
0.00329301
0.0031895489
0.003120681
0.0030724863
0.003041463
0.002996098
0.0029833063
0.002989466
0.0029952899
0.0029663392
0.0029491084
0.0029457998
0.0029854162
0.0030538123
0.0031504116
0.0032258914
0.003279674
0.0032992994
0.0033231184
0.0033219003
0.003291787
0.0032288602
0.0031711082
0.003096029
0.0030158584
0.0029268104
0.002861775
0.0027972765
0.002749817
0.0027330539
0.0027713731
0.0028101762
0.0028383976
0.0028406999
0.002855345
0.0028798408
0.0029084953
0.0028987564
0.0028722987
0.0028357266
0.0028157507
0.0027840165
0.0027413766
0.0026842146
0.0026562605
0.0026456797
0.002646982
0.0026288468
0.0026139396
0.0025973811
0.0025810522
0.002536803
0.002492775
0.0024550662
0.0024439355
0.002431679
0.0024202636
0.0023902156
0.002346328
0.0022684082
0.002186835
0.0020985394
0.0020089652
0.0019165397
0.00186571
0.0018424962
0.0018328711
0.0018039781
0.001779749
0.0017647393
0.0017676473
0.0017584013
0.0017461099
0.001724031
0.0017156317
0.001705556
0.0016901561
0.0016506768
0.0016104568
0.0015665008
0.00152846
0.0014667787
0.0013987641
0.0013374984
0.0012974559
0.0012478913
0.0011988804
0.0011495812
0.0011165935
0.0010826029
0.0010568663
0.0010267544
0.0009997096
0.0009594439
0.000922397
0.0008776021
0.0008321795
0.00077883835
0.00073842297
0.0006968998
0.0006523032
0.00058974733
0.0005405244
0.0005091949
0.0005007558
0.00049162906
0.0004909504
0.0004911667
0.0005069515
0.0005224956
0.00053981104
0.00054993253
0.00056842645
0.0005792335
0.0005888629
0.0005832402
0.00056990626
0.0005401863
0.0005088109
0.0004686947
0.00043457714
0.0003959611
0.0003572765
0.00029922544
0.00023504111
0.00017379761
0.00013140732
0.00008166559
0.000030341062
-0.000019614074
-0.000046852874
-0.00006622559
-0.00008055002
-0.000099942816
-0.00010665931
-0.00011162386
-0.000108605076
-0.00010706351
-0.000100124176
-0.000102407976
-0.00010132232
-0.00010056914
-0.00009215007
-0.00009394665
-0.000097884695
-0.00010682305
-0.00011058483
-0.00012187777
-0.00013024523
-0.0001402289
-0.0001368585
-0.000129225
-0.00011602051
-0.00011450787
-0.00011419078
-0.000113537724
-0.00009695294
-0.000084029176
-0.000078801444
-0.000082030325
-0.0000728354
-0.00006714395
-0.000065250446
-0.00007054532
-0.000062156265
-0.00004416147
-0.000014472639
0.000010017932
0.000034677334
0.000050226008
0.0000671721
0.00007764859
0.000087360706
0.000089510846
0.000096623946
0.0001022532
0.000113108385
0.00011199511
0.00010321945
0.00008711374
0.00007781322
0.00006446223
0.000052571962
0.000037115125
0.000029940653
0.000019039542
0.000003146828
-0.000029019195
-0.00006490723
-0.00010762851
-0.00014720637
-0.00019218108
-0.00023464757
-0.00027809
-0.00031166628
-0.00034589964
-0.00037911537
-0.00041889152
-0.0004493217
-0.0004766731
-0.00050311827
-0.0005408962
-0.000576337
-0.0006119508
-0.00064055907
-0.00066960976
-0.0006900071
-0.0007088659
-0.0007238402
-0.00074491196
-0.0007589303
-0.0007720437
-0.00078514713
-0.0008088364
-0.00083172094
-0.00085766165
-0.00088037265
-0.000909236
-0.0009378555
-0.00097365637
-0.0010087029
-0.0010460333
-0.0010798306
-0.0011215034
-0.0011609092
-0.0011999108
-0.0012304451
-0.0012596196
-0.0012831824
-0.0013122595
-0.0013431297
-0.001380177
-0.0014098609
-0.0014368959
-0.0014598474
-0.0014869525
-0.001505729
-0.0015200992
-0.001528655
-0.0015430206
-0.0015533124
-0.001559106
-0.0015547859
-0.001552372
-0.0015465287
-0.0015397547
-0.0015230381
-0.0015068229
-0.0014914629
-0.0014855532
-0.0014814897
-0.0014842555
-0.0014867196
-0.0014971187
-0.0015119372
-0.0015324245
-0.0015446206
-0.0015546378
-0.0015610033
-0.0015718729
-0.0015780771
-0.0015818612
-0.0015788509
-0.0015787608
-0.0015751948
-0.0015715206
-0.0015603533
-0.0015498257
-0.0015386821
-0.0015334387
-0.0015251136
-0.001517029
-0.0015043905
-0.0014984787
-0.0014935845
-0.00148854
-0.0014767802
-0.0014697299
-0.0014624277
-0.0014556801
-0.0014427407
-0.0014341511
-0.0014266085
-0.001422116
-0.0014122304
-0.0014039235
-0.001392255
-0.0013826049
-0.0013707257
-0.0013632083
-0.0013546776
-0.0013505749
-0.0013459191
-0.0013456501
-0.0013419678
-0.0013399234
-0.0013360544
-0.0013364407
-0.0013358535
-0.001339877
-0.0013405965
-0.0013405858
-0.0013366935
-0.0013373488
-0.0013373467
-0.0013398923
-0.0013385988
-0.0013416919
-0.0013468064
-0.001356314
-0.001361312
-0.0013672528
-0.0013707986
-0.0013777855
-0.0013834621
-0.0013947526
-0.001406835
-0.0014194468
-0.0014237589
-0.0014274488
-0.0014283934
-0.0014317597
-0.0014309374
-0.0014308244
-0.0014298107
-0.0014342505
-0.0014366768
-0.0014397799
-0.0014391341
-0.0014419141
-0.0014458
-0.0014556258
-0.0014633401
-0.0014709686
-0.0014741779
-0.0014799054
-0.0014827802
-0.0014851404
-0.001483808
-0.001487414
-0.0014920294
-0.0015000777
-0.0015049151
-0.0015119681
-0.0015184481
-0.0015296643
-0.001539746
-0.0015504858
-0.0015556636
-0.0015636617
-0.0015745457
-0.0015895242
-0.0015982137
-0.0016065161
-0.0016138329
-0.0016239617
-0.0016289587
-0.0016331539
-0.0016362015
-0.0016453089
-0.0016546324
-0.0016665997
-0.001675991
-0.0016876097
-0.0016978795
-0.0017100896
-0.0017189581
-0.0017298466
-0.0017394413
-0.0017531463
-0.0017659551
-0.0017801181
-0.0017913585
-0.0018046699
-0.0018151067
-0.0018265309
-0.0018350437
-0.0018446881
-0.0018503454
-0.0018560403
-0.0018583644
-0.0018617258
-0.0018608081
-0.0018601532
-0.001857449
-0.0018563985
-0.0018503999
-0.0018427559
-0.0018319786
-0.0018245312
-0.0018146646
-0.0018046879
-0.0017925083
-0.0017846911
-0.0017763819
-0.0017690266
-0.0017574814
-0.001747252
-0.0017361514
-0.0017278668
-0.0017183411
-0.0017126234
-0.0017064549
-0.0017037635
-0.001701604
-0.0017030543
-0.0017018644
-0.0017007996
-0.0016959762
-0.0016916847
-0.0016846826
-0.0016801965
-0.0016744247
-0.0016683362
-0.001657319
-0.0016481113
-0.0016379398
-0.001629396
-0.0016178101
-0.0016073151
-0.0015953829
-0.0015864654
-0.0015768707
-0.0015698378
-0.0015602325
-0.0015517235
-0.0015427005
-0.0015374996
-0.0015299763
-0.001522676
-0.0015142515
-0.0015107832
-0.0015071315
-0.0015039822
-0.0014982803
-0.0014963252
-0.0014947715
-0.0014949045
-0.0014911427
-0.0014883126
-0.0014856395
-0.0014876635
-0.0014896366
-0.0014942662
-0.0014984614
-0.001506921
-0.0015155466
-0.0015243633
-0.0015277711
-0.0015311639
-0.0015328432
-0.0015361719
-0.0015370657
-0.0015386894
-0.0015375642
-0.0015370336
-0.0015336192
-0.0015317331
-0.0015286992
-0.0015282269
-0.0015276362
-0.0015306541
-0.0015332841
-0.0015375197
-0.0015390202
-0.0015433056
-0.0015486561
-0.0015562838
-0.0015608666
-0.0015667662
-0.0015717875
-0.0015780218
-0.0015803154
-0.0015824301
-0.0015825742
-0.0015840249
-0.0015824348
-0.0015808259
-0.0015761033
-0.0015722109
-0.0015666125
-0.0015621197
-0.0015547333
-0.0015482852
-0.0015412427
-0.0015371419
-0.0015309155
-0.0015251765
-0.001518184
-0.0015136235
-0.0015071421
-0.0015012894
-0.0014928547
-0.0014851902
-0.0014759243
-0.0014689789
-0.0014613701
-0.001455569
-0.0014472648
-0.0014399722
-0.0014316038
-0.0014247183
-0.0014156207
-0.0014084107
-0.001400955
-0.0013963106
-0.0013911296
-0.0013888044
-0.0013859723
-0.0013836802
-0.0013782642
-0.0013747616
-0.0013713067
-0.0013702813
-0.0013668175
-0.001362587
-0.0013554841
-0.0013499878
-0.0013430321
-0.0013368292
-0.0013287215
-0.0013234994
-0.0013194835
-0.0013186806
-0.0013162404
-0.0013150199
-0.0013133092
-0.0013145156
-0.001314384
-0.0013147314
-0.0013138707
-0.0013162388
-0.001318097
-0.001320431
-0.0013196926
-0.0013196688
-0.001318038
-0.0013175701
-0.0013157695
-0.001315813
-0.0013141043
-0.0013137015
-0.0013133354
-0.0013155283
-0.0013154934
-0.0013159511
-0.0013154697
-0.0013173965
-0.0013176773
-0.0013178102
-0.0013155137
-0.0013149772
-0.001313722
-0.0013140001
-0.0013122401
-0.0013112078
-0.0013091007
-0.0013087387
-0.0013063315
-0.0013040613
-0.0012997173
-0.0012974999
-0.0012944965
-0.0012917472
-0.0012865978
-0.0012831826
-0.0012787734
-0.0012748394
-0.00126812
-0.0012617945
-0.0012536084
-0.0012464206
-0.0012379603
-0.0012312552
-0.0012232411
-0.0012164054
-0.0012081796
-0.0012005273
-0.0011899947
-0.0011796434
-0.0011681814
-0.0011587746
-0.0011476637
-0.001136733
-0.0011240398
-0.0011129499
-0.0011005721
-0.0010887193
-0.0010742096
-0.001059991
-0.001044158
-0.0010289698
-0.001011449
-0.0009947799
-0.0009769041
-0.00096077955
-0.0009442605
-0.0009297813
-0.0009144386
-0.0009005988
-0.00088541355
-0.0008714157
-0.00085674116
-0.0008449162
-0.0008332252
-0.000822237
-0.0008087866
-0.0007969956
-0.0007848083
-0.00077341765
-0.00075942447
-0.00074625073
-0.00073305407
-0.00072251906
-0.00071143045
-0.0007022614
-0.00069272594
-0.000685056
-0.00067671115
-0.00067022035
-0.00066266896
-0.0006560284
-0.0006480655
-0.0006418456
-0.00063472334
-0.0006282741
-0.00062014797
-0.0006134667
-0.0006059483
-0.0005995705
-0.00059146585
-0.00058440026
-0.00057715457
-0.00057312654
-0.0005696436
-0.00056765106
-0.00056374876
-0.000561131
-0.0005583911
-0.0005567089
-0.0005524062
-0.0005488124
-0.0005447954
-0.0005423955
-0.00053820765
-0.00053421815
-0.0005287677
-0.00052498485
-0.0005205967
-0.00051768974
-0.0005135709
-0.0005104873
-0.0005064226
-0.0005034352
-0.0004987176
-0.0004945071
-0.0004887871
-0.0004848371
-0.0004807326
-0.00047776275
-0.00047299394
-0.00046910704
-0.00046413578
-0.0004599001
-0.00045362208
-0.00044805437
-0.0004418727
-0.00043744573
-0.000431802
-0.00042667883
-0.00041971245
-0.00041351706
-0.00040629253
-0.0004002179
-0.00039295573
-0.00038716942
-0.0003812148
-0.00037691387
-0.00037060268
-0.00036410618
-0.00035629192
-0.00034989542
-0.00034198596
-0.0003343806
-0.00032531554
-0.00031734517
-0.00030813031
-0.0002996841
-0.0002902747
-0.0002822763
-0.0002725923
-0.00026308707
-0.00025253926
-0.00024356596
-0.00023351381
-0.00022418103
-0.00021349061
-0.00020388566
-0.00019335412
-0.0001841107
-0.00017388586
-0.0001643619
-0.00015370204
-0.00014487315
-0.00013547365
-0.00012698803
-0.000117056516
-0.00010772609
-0.000097117925
-0.000087898494
-0.000078392186
-0.0000705023
-0.000061456354
-0.000053368047
-0.000044875644
-0.000038107377
-0.000030012498
-0.00002227463
-0.000013457349
-0.0000062539707
0.0000019225008
0.000009873304
0.000019291616
0.000026973756
0.000034664987
0.000040988216
0.000048633396
0.000055195444
0.0000620859
0.00006728601
0.000073336174
0.00007852873
0.000084960026
0.00009001052
0.00009502013
0.00009848248
0.000103479215
0.000107943844
0.00011328285
0.00011734569
0.00012272822
0.00012791413
0.00013451294
0.00013985783
0.0001460263
0.00015142663
0.00015831224
0.00016450392
0.00017148821
0.00017732236
0.00018452878
0.00019142624
0.0001996841
0.00020632787
0.00021320823
0.00021936343
0.00022690855
0.00023307875
0.00023990788
0.0002464408
0.0002549601
0.00026270843
0.00027113265
0.00027866257
0.00028750105
0.00029532015
0.00030394198
0.00031159032
0.000320259
0.0003281084
0.00033720833
0.00034566163
0.00035532686
0.00036432716
0.00037479607
0.0003846401
0.00039539044
0.00040508545
0.00041571812
0.00042541357
0.00043649945
0.00044743525
0.00045970184
0.00047083054
0.00048261113
0.00049334054
0.00050505175
0.00051543687
0.0005260351
0.0005355308
0.0005465387
0.0005572101
0.0005691577
0.00058032264
0.0005923813
0.00060301455
0.0006139485
0.0006241923
0.0006362652
0.000647797
0.00066010136
0.00067130127
0.0006835179
0.00069482665
0.0007064304
0.00071623543
0.00072657823
0.00073607
0.0007465174
0.0007556909
0.0007649757
0.0007725155
0.000780621
0.00078777736
0.0007955543
0.00080172013
0.00080835394
0.00081428245
0.00082117994
0.000826615
0.00083240616
0.00083731767
0.0008435107
0.0008488597
0.00085460563
0.00085862854
0.000862806
0.0008658014
0.00086971367
0.00087211037
0.00087403203
0.00087442185
0.0008761968
0.00087732426
0.00087886775
0.0008792325
0.00088091264
0.0008822711
0.0008844316
0.0008852187
0.0008867605
0.0008877099
0.00088988425
0.00089125056
0.00089319935
0.00089403987
0.0008956022
0.00089583726
0.00089628366
0.0008951185
0.00089438015
0.0008928268
0.0008922433
0.0008907302
0.00089008035
0.00088857184
0.0008878175
0.00088609156
0.0008853498
0.00088404655
0.00088388374
0.000883129
0.00088370364
0.0008837735
0.00088457856
0.00088432134
0.0008850631
0.00088522106
0.00088606495
0.00088555826
0.00088583713
0.0008855898
0.0008861448
0.00088532607
0.00088501343
0.0008840261
0.0008842502
0.0008837298
0.00088395644
0.0008835297
0.000884323
0.0008845373
0.0008859658
0.00088688574
0.0008885895
0.0008893072
0.00089090696
0.00089170865
0.00089325756
0.0008937912
0.00089487206
0.00089461665
0.0008947915
0.00089450483
0.0008957254
0.0008962426
0.00089754415
0.0008983467
0.0009005793
0.0009025321
0.000905543
0.0009077379
0.00091064087
0.0009125893
0.0009153492
0.000917148
0.00091915607
0.00091970776
0.0009210872
0.000922012
0.0009237347
0.0009242405
0.0009255343
0.0009266015
0.0009288108
0.00092976564
0.0009308842
0.0009310678
0.00093247264
0.0009333427
0.00093482493
0.00093527103
0.0009366809
0.00093764905
0.0009395487
0.00094031234
0.0009414655
0.0009420392
0.00094401906
0.00094537606
0.0009473491
0.00094846217
0.00095051
0.00095195236
0.0009542899
0.00095589674
0.00095838145
0.00095997704
0.0009621182
0.000963242
0.0009649031
0.0009655833
0.00096706155
0.00096806407
0.0009703278
0.0009717271
0.0009733731
0.0009741347
0.0009760301
0.0009772843
0.0009792462
0.000980702
0.0009836318
0.000986285
0.0009897514
0.0009923576
0.0009957794
0.000998444
0.0010019139
0.001004653
0.0010082253
0.0010113546
0.0010158909
0.0010202054
0.0010254441
0.0010299538
0.0010356018
0.0010408392
0.0010467612
0.0010517172
0.0010575767
0.0010630048
0.0010695399
0.0010755865
0.001082477
0.0010884701
0.0010949539
0.0011004272
0.001106631
0.0011119889
0.0011178382
0.0011228358
0.001128701
0.0011337806
0.0011394614
0.0011442737
0.001149782
0.0011543983
0.0011597197
0.0011647557
0.0011711819
0.0011769475
0.0011831532
0.001188347
0.0011943704
0.0011999261
0.0012061807
0.0012112316
0.0012166441
0.0012212328
0.0012265303
0.0012307123
0.0012350691
0.0012384452
0.0012428319
0.0012467054
0.0012511283
0.0012544052
0.0012583182
0.0012616824
0.0012656512
0.0012683
0.0012713065
0.0012737138
0.0012771187
0.001279692
0.0012826687
0.001284591
0.0012868647
0.0012880046
0.0012897617
0.0012907303
0.0012920622
0.0012924201
0.0012937416
0.0012945003
0.0012956869
0.0012956224
0.0012960267
0.0012957458
0.0012961169
0.0012954079
0.0012950976
0.0012939319
0.0012935619
0.001292497
0.001291863
0.0012901362
0.0012890107
0.0012871812
0.00128597
0.0012836171
0.0012816804
0.0012792075
0.0012776228
0.0012750534
0.0012728493
0.0012698483
0.0012676191
0.0012646212
0.0012622359
0.0012590904
0.0012565901
0.0012532055
0.0012504138
0.001246791
0.0012436713
0.0012397154
0.0012364702
0.0012323861
0.0012286115
0.0012237019
0.0012194563
0.0012147051
0.0012107369
0.0012059691
0.0012018797
0.0011971956
0.00119337
0.0011888084
0.0011847359
0.0011798877
0.001175824
0.0011710069
0.0011667788
0.0011617051
0.0011570898
0.0011515243
0.0011464779
0.0011406098
0.0011354521
0.0011296668
0.0011245023
0.0011182722
0.0011123951
0.0011060166
0.0011007037
0.0010945187
0.0010886376
0.001082064
0.0010765328
0.0010704617
0.0010648345
0.0010582727
0.0010524351
0.0010459538
0.0010401016
0.0010334663
0.0010273929
0.0010204669
0.001014206
0.0010073412
0.0010011799
0.000994192
0.0009878279
0.0009809259
0.0009747652
0.00096768874
0.00096102187
0.00095359056
0.00094700296
0.0009398936
0.0009334003
0.0009259358
0.0009189472
0.0009114007
0.00090481725
0.00089744467
0.0008902438
0.00088213856
0.0008748941
0.00086693856
0.00085937587
0.00085105206
0.000843742
0.00083623664
0.0008296464
0.0008223029
0.00081549725
0.0008079048
0.0008009195
0.0007931631
0.000785921
0.0007779864
0.00077090424
0.00076332764
0.00075649464
0.0007487608
0.00074134476
0.0007331928
0.0007258825
0.0007179931
0.00071081065
0.00070316985
0.0006965729
0.0006894926
0.00068293227
0.0006754671
0.000668585
0.00066102936
0.00065419497
0.00064676406
0.0006400553
0.0006328152
0.0006264459
0.0006194888
0.0006130713
0.0006059137
0.0005996895
0.0005930954
0.00058708934
0.0005802191
0.00057413656
0.00056772603
0.00056222704
0.00055624824
0.00055122364
0.00054590707
0.00054142065
0.0005362788
0.000532041
0.0005275025
0.0005237065
0.0005191625
0.00051530474
0.0005109437
0.0005074235
0.0005033549
0.0004999891
0.0004959887
0.0004927595
0.00048921263
0.0004866299
0.00048343197
0.00048099898
0.0004782413
0.00047654365
0.0004745698
0.00047349813
0.00047181363
0.00047069154
0.00046891024
0.00046799966
0.00046667433
0.0004660341
0.00046475852
0.00046441203
0.00046374477
0.0004637863
0.00046301025
0.00046290318
0.0004625533
0.0004632579
0.0004634014
0.00046420854
0.00046464
0.00046616243
0.00046722853
0.000468772
0.00046941522
0.00047056738
0.0004710143
0.00047206678
0.000472288
0.00047280017
0.00047252257
0.00047310322
0.00047321807
0.00047392905
0.00047391382
0.0004746834
0.00047512128
0.00047637636
0.00047698413
0.00047831013
0.00047919457
0.000480922
0.0004820606
0.00048365357
0.00048437435
0.0004856555
0.0004863191
0.000487576
0.00048787484
0.0004884942
0.0004885174
0.00048927934
0.00048919127
0.00048948446
0.0004891823
0.00048966164
0.0004893991
0.00048954954
0.00048903504
0.00048927136
0.0004888596
0.0004890246
0.00048856175
0.0004887288
0.00048819784
0.000488171
0.0004873066
0.000486862
0.00048564342
0.0004850185
0.00048366684
0.00048275766
0.00048106138
0.00047989123
0.0004779494
0.00047658005
0.0004746464
0.00047335238
0.00047132734
0.00046982605
0.00046765475
0.0004661666
0.00046399198
0.00046221365
0.00045963848
0.00045768975
0.00045510835
0.0004530804
0.00045030678
0.0004480175
0.00044482906
0.0004419443
0.00043841693
0.00043576752
0.0004325461
0.00042977298
0.00042621503
0.00042330057
0.0004198023
0.00041675882
0.00041282794
0.00040945012
0.000405545
0.00040232448
0.00039835938
0.0003947284
0.0003902035
0.0003862719
0.00038183798
0.00037807424
0.00037360433
0.00036976923
0.0003655175
0.0003619436
0.00035744705
0.0003532243
0.00034826552
0.00034398312
0.00033906254
0.00033463497
0.00032945062
0.0003248544
0.0003197831
0.00031557248
0.00031072224
0.00030616263
0.0003008695
0.00029646224
0.00029159558
0.00028725443
0.0002822783
0.00027816478
0.00027367368
0.0002697129
0.0002648186
0.00026033493
0.00025518838
0.00025066308
0.0002454764
0.00024082091
0.00023560112
0.00023117106
0.00022619238
0.00022178092
0.00021664555
0.00021208257
0.00020699804
0.00020262941
0.00019767821
0.00019339511
0.00018856947
0.00018438637
0.0001795885
0.00017546634
0.00017084746
0.00016691584
0.00016235051
0.00015843794
0.00015401003
0.00015019924
0.00014574935
0.00014201303
0.00013785459
0.00013439436
0.00013027151
0.0001268093
0.00012289186
0.00011961105
0.00011558584
0.000112139205
0.000108251654
0.00010518931
0.00010158644
0.00009855817
0.000094938725
0.00009192903
0.00008817284
0.00008492729
0.000081023456
0.00007761452
0.000073491574
0.0000699855
0.00006594065
0.000062616775
0.000058808342
0.00005566776
0.000051813735
0.00004844805
0.00004465422
0.00004178374
0.000038341834
0.00003540098
0.00003188225
0.000029111703
0.000025804371
0.000023015045
0.000019453844
0.000016371072
0.000012650486
0.000009626342
0.00000607427
0.0000030502204
-0.00000068167424
-0.0000037056823
-0.000007194593
-0.0000101573
-0.000013973526
-0.000017265644
-0.000020938945
-0.000023802855
-0.000027347156
-0.000030428238
-0.000034042223
-0.000036800313
-0.000040057894
-0.000042871514
-0.000046490757
-0.0000495397
-0.00005314241
-0.000056176796
-0.00006000545
-0.00006341878
-0.00006735573
-0.00007044493
-0.000074078416
-0.00007721698
-0.00008102517
-0.000084196516
-0.00008793278
-0.00009110644
-0.0000949139
-0.000098046956
-0.00010174571
-0.00010492664
-0.000108860404
-0.000112380294
-0.000116691335
-0.000120545075
-0.00012505038
-0.00012890385
-0.00013347088
-0.00013772327
-0.00014269119
-0.0001469574
-0.00015180961
-0.00015618066
-0.00016117406
-0.0001654254
-0.00017017913
-0.00017436221
-0.00017916613
-0.00018330872
-0.00018801063
-0.000192068
-0.00019667145
-0.00020068308
-0.00020529446
-0.00020925255
-0.000213818
-0.00021791078
-0.00022269528
-0.0002267736
-0.00023132456
-0.00023532043
-0.00023997937
-0.00024394158
-0.00024836246
-0.000252117
-0.00025644666
-0.00026016732
-0.00026449427
-0.00026828487
-0.00027276107
-0.0002766071
-0.00028097347
-0.00028472976
-0.00028907662
-0.00029279554
-0.00029710986
-0.0003008124
-0.00030505934
-0.00030864376
-0.00031280756
-0.00031632787
-0.0003201697
-0.0003230361
-0.00032637763
-0.00032921621
-0.00033269447
-0.0003353989
-0.00033839396
-0.00034061115
-0.0003434122
-0.00034555906
-0.00034812698
-0.0003499741
-0.00035250824
-0.00035466038
-0.00035748945
-0.00035954866
-0.00036200657
-0.0003638234
-0.00036625678
-0.00036795723
-0.00036994647
-0.0003711839
-0.0003731398
-0.00037456115
-0.00037636395
-0.0003772795
-0.00037867803
-0.00037945592
-0.00038073448
-0.00038133084
-0.00038251907
-0.00038308036
-0.0003842255
-0.00038492001
-0.00038632023
-0.0003870209
-0.00038819402
-0.00038877316
-0.00038997142
-0.0003904527
-0.00039130243
-0.00039142728
-0.00039216006
-0.0003923172
-0.00039304394
-0.0003930953
-0.00039368556
-0.00039376484
-0.00039454616
-0.00039469107
-0.00039531762
-0.0003953204
-0.00039606163
-0.0003963275
-0.00039708664
-0.00039711947
-0.0003978044
-0.00039799904
-0.00039874812
-0.0003987762
-0.00039931797
-0.00039921878
-0.0003996515
-0.00039947068
-0.00040001096
-0.00040011964
-0.00040091758
-0.0004011734
-0.00040201424
-0.0004022064
-0.00040298537
-0.00040324635
-0.0004042162
-0.00040463748
-0.0004056653
-0.00040616447
-0.00040734
-0.0004079086
-0.00040897424
-0.00040935635
-0.00041034105
-0.00041079786
-0.00041184205
-0.00041227564
-0.000413414
-0.00041407096
-0.00041536518
-0.00041612805
-0.00041760047
-0.0004186098
-0.0004203144
-0.0004214521
-0.00042318445
-0.00042440786
-0.00042647307
-0.0004281826
-0.00043039242
-0.00043172087
-0.0004336098
-0.0004350435
-0.0004370277
-0.00043819041
-0.00043985414
-0.00044109317
-0.00044312509
-0.00044459393
-0.00044662502
-0.00044808292
-0.0004501919
-0.0004517794
-0.0004540323
-0.0004556956
-0.00045795768
-0.00045969148
-0.00046210882
-0.00046393243
-0.00046621147
-0.0004677825
-0.0004699699
-0.00047159832
-0.00047377578
-0.0004752616
-0.00047730593
-0.00047885985
-0.0004812274
-0.0004831933
-0.00048578624
-0.00048769976
-0.00049023353
-0.0004923394
-0.0004950484
-0.0004969685
-0.00049941806
-0.00050140294
-0.0005040753
-0.00050604483
-0.00050841656
-0.00051013235
-0.0005125023
-0.0005142671
-0.00051652896
-0.0005181092
-0.0005202825
-0.0005219148
-0.0005241116
-0.0005255832
-0.00052754825
-0.00052886776
-0.00053082884
-0.00053229847
-0.00053434545
-0.0005356629
-0.00053751346
-0.0005388033
-0.0005406749
-0.00054186105
-0.00054361136
-0.00054483267
-0.0005466846
-0.000547882
-0.000549646
-0.00055078964
-0.00055244885
-0.00055345474
-0.00055504835
-0.0005560695
-0.0005577714
-0.00055900746
-0.00056089956
-0.00056206837
-0.00056368206
-0.0005647221
-0.0005664292
-0.0005674465
-0.00056891504
-0.0005697765
-0.0005712869
-0.0005721346
-0.0005734054
-0.0005740168
-0.000575294
-0.00057590177
-0.00057688914
-0.0005771623
-0.0005780751
-0.0005784684
-0.0005794593
-0.00057975866
-0.000580565
-0.000580756
-0.00058158266
-0.0005818101
-0.0005825116
-0.00058253354
-0.0005833077
-0.00058367435
-0.00058466446
-0.0005849664
-0.0005857613
-0.0005858954
-0.0005866433
-0.0005868571
-0.0005877057
-0.0005879193
-0.00058868574
-0.0005888818
-0.0005897011
-0.0005897949
-0.0005903151
-0.0005901955
-0.00059077365
-0.00059080485
-0.00059128023
-0.0005910032
-0.0005914302
-0.00059146364
-0.00059213
-0.0005920851
-0.00059264834
-0.0005927785
-0.0005936198
-0.0005938219
-0.00059454417
-0.0005946216
-0.0005953486
-0.00059562916
-0.0005965911
-0.0005968774
-0.0005977294
-0.00059806334
-0.0005990649
-0.0005993776
-0.0006001505
-0.0006003398
-0.0006012658
-0.0006016507
-0.00060263264
-0.00060303754
-0.0006041252
-0.0006047466
-0.0006060584
-0.00060672226
-0.0006078744
-0.00060836377
-0.0006095656
-0.0006103349
-0.00061172195
-0.00061247003
-0.0006139427
-0.00061496126
-0.00061654445
-0.00061740214
-0.0006188617
-0.0006197948
-0.00062134134
-0.0006222728
-0.00062394637
-0.00062518805
-0.0006270598
-0.00062826235
-0.0006300067
-0.00063115166
-0.0006329763
-0.0006342386
-0.0006360656
-0.0006372185
-0.000638975
-0.00064014905
-0.0006418377
-0.0006427434
-0.00064414233
-0.00064488454
-0.0006461442
-0.0006466989
-0.00064781605
-0.0006483822
-0.000649651
-0.00065029465
-0.0006514625
-0.0006520207
-0.00065322465
-0.00065380085
-0.0006549035
-0.0006553124
-0.0006562596
-0.0006565285
-0.00065739907
-0.0006577219
-0.0006585402
-0.0006584189
-0.0006586869
-0.00065834844
-0.00065862696
-0.0006581726
-0.0006582025
-0.0006576842
-0.0006579371
-0.0006576014
-0.0006577149
-0.000657036
-0.0006568733
-0.00065610575
-0.0006559458
-0.0006550378
-0.00065456517
-0.0006534129
-0.00065287435
-0.0006516286
-0.0006507123
-0.0006489595
-0.0006478136
-0.0006460487
-0.0006447124
-0.00064253586
-0.00064089365
-0.0006387006
-0.0006372025
-0.00063512666
-0.000633614
-0.0006313686
-0.00062969996
-0.00062751805
-0.0006259332
-0.0006235313
-0.00062163273
-0.000619169
-0.00061729574
-0.0006145833
-0.00061223365
-0.00060921675
-0.0006068728
-0.00060386595
-0.0006013237
-0.0005980555
-0.0005954212
-0.00059229386
-0.00058985
-0.0005867861
-0.00058442313
-0.0005816078
-0.00057954004
-0.0005768916
-0.00057477434
-0.00057190534
-0.0005695603
-0.00056653103
-0.00056405674
-0.00056094845
-0.00055846974
-0.00055531604
-0.00055262225
-0.0005491755
-0.000546394
-0.00054307753
-0.000540351
-0.0005370259
-0.0005344857
-0.00053151796
-0.0005292585
-0.00052639935
-0.0005242146
-0.0005214398
-0.0005192468
-0.00051644153
-0.00051435357
-0.00051170436
-0.00050964986
-0.00050696585
-0.0005049767
-0.0005024346
-0.0005004821
-0.0004978963
-0.00049605244
-0.00049367594
-0.0004919253
-0.00048958964
-0.0004879966
-0.00048593723
-0.00048462005
-0.00048268365
-0.00048128804
-0.00047923642
-0.00047795355
-0.00047624228
-0.00047511383
-0.00047316923
-0.00047187594
-0.00047013175
-0.00046902747
-0.00046715717
-0.0004658263
-0.0004639342
-0.0004628068
-0.00046114967
-0.0004601367
-0.0004584836
-0.00045749795
-0.00045603747
-0.00045536252
-0.0004540698
-0.00045339
-0.00045218275
-0.0004517534
-0.00045071755
-0.0004501121
-0.0004486899
-0.00044796095
-0.00044676618
-0.00044622627
-0.00044496145
-0.00044433255
-0.00044321973
-0.0004428151
-0.00044167295
-0.00044102024
-0.00043972366
-0.00043919683
-0.0004382208
-0.00043791643
-0.0004368899
-0.00043647215
-0.00043545273
-0.00043499953
-0.00043371785
-0.00043292006
-0.00043153547
-0.0004308721
-0.0004295128
-0.00042870385
-0.00042731542
-0.00042668506
-0.00042549137
-0.00042493537
-0.00042372415
-0.00042311594
-0.0004217779
-0.00042107253
-0.00041991324
-0.00041952092
-0.00041841972
-0.00041787588
-0.0004167099
-0.00041615244
-0.00041482333
-0.00041399777
-0.00041246167
-0.00041150313
-0.00040983362
-0.0004087982
-0.0004070873
-0.00040587448
-0.00040390863
-0.00040250874
-0.00040039362
-0.00039890604
-0.00039681894
-0.00039535854
-0.0003931233
-0.00039143514
-0.00038915288
-0.00038752749
-0.0003850976
-0.000383141
-0.0003805135
-0.00037854907
-0.00037588776
-0.00037377948
-0.00037104837
-0.00036910424
-0.00036654
-0.00036447015
-0.00036158683
-0.000359275
-0.0003563199
-0.00035399562
-0.00035094202
-0.0003484505
-0.00034529157
-0.00034284132
-0.00033979613
-0.00033723383
-0.0003336867
-0.0003306337
-0.0003270241
-0.00032413742
-0.00032050852
-0.00031739144
-0.00031364203
-0.0003106974
-0.00030716037
-0.00030416716
-0.00030043104
-0.00029739324
-0.00029382983
-0.00029096732
-0.0002873328
-0.00028424844
-0.00028057094
-0.0002776802
-0.00027413943
-0.00027102957
-0.0002670941
-0.00026390146
-0.00026011025
-0.00025677923
-0.000252586
-0.00024910676
-0.00024515158
-0.00024189828
-0.00023796018
-0.00023472439
-0.00023086667
-0.00022762886
-0.00022373123
-0.00022048125
-0.00021647642
-0.00021307499
-0.00020907201
-0.00020581833
-0.00020192369
-0.00019867552
-0.00019481931
-0.00019168387
-0.0001878613
-0.00018462738
-0.00018064745
-0.00017729274
-0.00017338987
-0.00017031553
-0.00016659399
-0.00016345203
-0.00015961549
-0.00015651867
-0.00015281346
-0.00014965211
-0.00014566339
-0.00014239001
-0.00013865312
-0.00013571925
-0.00013217908
-0.00012935413
-0.00012585985
-0.00012291355
-0.00011916171
-0.000116153504
-0.00011267717
-0.00010995163
-0.00010655274
-0.00010382011
-0.00010044931
-0.000097786746
-0.00009443405
-0.000091726164
-0.000088364
-0.000085736334
-0.000082519844
-0.00008000666
-0.00007674125
-0.0000740433
-0.00007066804
-0.000068060275
-0.00006483449
-0.00006221438
-0.00005889962
-0.000056421275
-0.000053381213
-0.000050956205
-0.000047804482
-0.00004543884
-0.00004260457
-0.000040586736
-0.00003788748
-0.00003578157
-0.000032970867
-0.000030995714
-0.000028560995
-0.000026739015
-0.000023949993
-0.000021842958
-0.000019364647
-0.000017724979
-0.000015312076
-0.000013560707
-0.000011337466
-0.000010021725
-0.000008035614
-0.000006631201
-0.0000045454
-0.0000032671724
-0.0000014657038
-0.00000046472414
0.0000012081505
0.0000021590286
0.0000037080179
0.000004546613
0.000006140787
0.000007181919
0.000008939288
0.000009849204
0.000011272776
0.000011928691
0.000013251778
0.000013873219
0.000015164209
0.000015733627
0.000016963999
0.00001751336
0.000018784829
0.000019281111
0.000020233792
0.000020362953
0.000021263153
0.000021496342
0.000022291022
0.000022293965
0.000023113926
0.000023438515
0.000024449955
0.000024609868
0.000025438543
0.000025675194
0.000026634783
0.000026765292
0.000027439055
0.00002741883
0.000028219456
0.000028366496
0.000029185532
0.000029238128
0.000029854486
0.000029713237
0.000030381327
0.00003043813
0.00003118277
0.000031252057
0.000032122032
0.000032347314
0.00003326564
0.000033497854
0.000034452758
0.000034514615
0.000035031517
0.00003478908
0.00003526178
0.000034950313
0.000035203677
0.000034593384
0.00003458292
0.000033846987
0.00003393515
0.0000334481
0.000033693726
0.00003328359
0.000033832366
0.00003390652
0.000034660934
0.000034539073
0.000035099372
0.000035028366
0.000035551882
0.000034997393
0.0000349498
0.000034299585
0.000034520606
0.000033971683
0.000033914384
0.000033003143
0.000032867316
0.00003210135
0.00003200326
0.000031049472
0.000030783995
0.000030005269
0.000030179208
0.000029560495
0.000029440846
0.000028551676
0.000028452723
0.000027626387
0.00002740347
0.000026259188
0.000025633055
0.000024133957
0.000023288852
0.000021744818
0.000020983216
0.000019567102
0.000019059551
0.000018023375
0.000017778291
0.00001672475
0.000016349177
0.00001551924
0.000015833906
0.0000155575
0.000015983445
0.000015815704
0.000016597582
0.00001658554
0.000016960928
0.00001634422
0.000016430478
0.000015806816
0.000015918125
0.000015307709
0.000015428506
0.000014867415
0.000015182533
0.000014795413
0.00001503479
0.000014488205
0.000014870486
0.000014778723
0.00001551635
0.000015575537
0.000016629874
0.000017249811
0.000018747527
0.000019471601
0.000020812682
0.000021313497
0.00002259531
0.000023250386
0.000024747385
0.00002550106
0.000026948102
0.000027743787
0.000029484541
0.000030525884
0.000032285057
0.0000334403
0.00003559558
0.00003718728
0.000039674553
0.000041615473
0.000044470726
0.000046450386
0.000048957572
0.000050728933
0.00005341843
0.000055466775
0.000058203957
0.000059988914
0.00006244969
0.000064257394
0.0000669268
0.00006880902
0.00007140565
0.00007340659
0.00007645101
0.00007883627
0.00008185041
0.0000840299
0.00008709999
0.00008961215
0.00009291256
0.00009533071
0.000098591336
0.00010136996
0.00010503407
0.00010775608
0.00011098249
0.000113311864
0.00011636285
0.00011861278
0.00012164208
0.00012385126
0.00012660609
0.0001284861
0.00013133003
0.00013347603
0.00013613806
0.00013783891
0.00014044903
0.00014252891
0.00014540594
0.00014735025
0.00015004087
0.00015212945
0.00015511618
0.00015725866
0.00015994994
0.0001616504
0.00016412685
0.00016587762
0.00016833305
0.00016989975
0.00017227784
0.00017411965
0.00017686108
0.00017858273
0.00018086984
0.00018244774
0.00018496037
0.00018665755
0.00018900006
0.00019048092
0.00019274483
0.00019422999
0.00019651886
0.00019795804
0.00019998211
0.00020108657
0.00020301098
0.00020407945
0.00020575464
0.00020660473
0.00020848609
0.00020979907
0.00021179536
0.0002127118
0.00021428512
0.00021507345
0.00021662509
0.00021721376
0.00021839565
0.00021875688
0.00022007214
0.000220611
0.00022180523
0.00022208235
0.00022311801
0.000223405
0.00022463675
0.00022515673
0.00022650961
0.0002270913
0.00022845354
0.00022893035
0.00023025114
0.00023101454
0.00023282939
0.00023371125
0.00023520955
0.00023608885
0.00023804892
0.00023916033
0.00024085552
0.0002416627
0.0002434269
0.00024445503
0.0002462532
0.00024723497
0.0002490589
0.00025006046
0.000251939
0.00025312722
0.00025516926
0.0002563111
0.00025825284
0.00025950352
0.00026161835
0.00026272054
0.00026456107
0.0002657871
0.00026812556
0.00026974315
0.00027207588
0.00027347807
0.0002758217
0.00027761058
0.00028037024
0.0002820998
0.0002843734
0.00028596006
0.00028887135
0.00029113868
0.00029411496
0.00029634504
0.0002996914
0.00030227777
0.00030544263
0.00030739087
0.00030997512
0.00031180415
0.00031468945
0.00031694298
0.00032014618
0.00032257897
0.00032600627
0.000328603
0.00033180238
0.0003338634
0.00033664756
0.00033881774
0.00034214655
0.00034460064
0.00034770166
0.00034989516
0.00035294204
0.00035488914
0.00035722656
0.00035846417
0.00036069143
0.00036229985
0.0003648423
0.00036645896
0.0003687793
0.0003701684
0.00037242696
0.00037370832
0.0003756185
0.0003765951
0.00037862555
0.00037992754
0.0003818684
0.00038274546
0.0003847187
0.00038619034
0.0003885528
0.00038982407
0.00039179373
0.00039282383
0.00039461424
0.00039537996
0.00039701333
0.0003978129
0.00039927862
0.0003996877
0.0004011448
0.00040197922
0.00040373998
0.00040462692
0.00040647443
0.00040758261
0.00040969913
0.0004110603
0.00041338103
0.00041470316
0.00041681484
0.00041817845
0.0004204671
0.00042173767
0.0004236975
0.0004245131
0.00042601573
0.00042664862
0.00042836813
0.00042927038
0.00043087034
0.00043145355
0.00043308077
0.0004339031
0.0004353821
0.0004357188
0.00043703773
0.0004377589
0.00043942253
0.000439858
0.00044098808
0.00044137755
0.0004428514
0.00044327308
0.0004442146
0.00044407678
0.00044502865
0.00044539932
0.00044691958
0.0004476279
0.00044929542
0.00045040462
0.0004530598
0.00045508938
0.00045777392
0.00045931165
0.0004618502
0.000463624
0.0004661857
0.0004674887
0.0004695513
0.00047079794
0.00047296289
0.00047397762
0.00047560563
0.0004761595
0.00047782075
0.0004788021
0.0004807358
0.000481641
0.00048349597
0.0004847821
0.00048721235
0.0004883402
0.0004900044
0.0004908359
0.00049277337
0.0004935161
0.0004947995
0.0004951485
0.00049663306
0.00049712183
0.00049830676
0.0004983972
0.0004992574
0.00049899885
0.0004996127
0.0004992451
0.00049978774
0.00049943855
0.0005001892
0.00050006673
0.00050075713
0.0005003743
0.00050095713
0.00050060736
0.0005011753
0.0005006736
0.00050077704
0.0004995068
0.0004990722
0.00049774384
0.00049730664
0.0004956716
0.00049477734
0.00049302005
0.0004925042
0.0004909983
0.00049012137
0.00048802394
0.00048674014
0.00048432514
0.00048276552
0.0004803114
0.00047888298
0.00047597903
0.00047320582
0.00046898803
0.00046560264
0.00046111422
0.00045737025
0.000452488
0.00044871177
0.0004441347
0.00044049864
0.00043569817
0.00043177267
0.0004270161
0.00042367307
0.00041972756
0.00041674922
0.00041244156
0.00040883815
0.0004041489
0.00040013017
0.0003944205
0.000389302
0.00038344937
0.00037901584
0.00037365043
0.00036905296
0.00036334616
0.00035877837
0.00035345394
0.0003492402
0.00034377922
0.00033898398
0.00033350708
0.0003299935
0.00032593816
0.00032260673
0.00031814488
0.00031498086
0.00031086005
0.00030728724
0.00030218213
0.00029809453
0.00029340255
0.0002900169
0.0002856513
0.0002822686
0.00027790855
0.0002747463
0.00027053544
0.000267174
0.00026289027
0.0002600695
0.0002568795
0.00025527293
0.0002528982
0.00025182162
0.00025007318
0.00024962163
0.0002482403
0.00024792185
0.0002465574
0.00024616838
0.0002446654
0.00024419063
0.0002426011
0.00024180209
0.0002398698
0.00023926132
0.0002377911
0.00023721054
0.00023544054
0.00023507042
0.00023422932
0.00023465656
0.00023407384
0.00023502026
0.00023567682
0.00023778669
0.00023864138
0.00024020491
0.00024065087
0.00024231907
0.00024289888
0.0002444525
0.00024496007
0.00024647397
0.00024694734
0.0002488432
0.0002499284
0.00025200655
0.00025292143
0.00025495928
0.0002559955
0.0002582474
0.00025978746
0.00026280628
0.00026455976
0.0002670074
0.0002684991
0.00027134863
0.00027303188
0.00027544526
0.0002763641
0.00027813608
0.00027870428
0.00028033814
0.0002807486
0.00028189315
0.0002816908
0.00028277712
0.0002829363
0.00028388176
0.0002833558
0.00028417472
0.00028457254
0.0002863363
0.00028654854
0.00028759547
0.00028789823
0.00028974554
0.00029022552
0.00029095367
0.00028991862
0.0002900146
0.00028922132
0.0002894735
0.00028826093
0.00028802952
0.00028700577
0.00028745827
0.00028634127
0.00028549662
0.00028318763
0.00028218023
0.0002801932
0.0002793755
0.00027737714
0.00027648485
0.00027441094
0.00027338273
0.00027122805
0.00027033396
0.00026839995
0.00026790446
0.00026657127
0.0002664286
0.00026480565
0.00026391904
0.00026210642
0.00026201786
0.0002606773
0.00026005923
0.00025838468
0.00025835674
0.0002571405
0.0002565662
0.00025464818
0.00025425988
0.00025297582
0.00025284453
0.00025145125
0.0002510742
0.00024938257
0.00024886386
0.0002469846
0.00024591642
0.00024354926
0.00024280766
0.00024130728
0.0002408082
0.00023880515
0.00023814262
0.00023652466
0.00020643206
0.0002043398
0.00020305361
0.00020046465
0.00019940168
0.00016993706
0.00016986196
0.00016869945
0.00016858653
0.00016722117
0.00013675021
0.00013543149
0.00013486193
0.00013292002
0.00013225392
0.00013033197
0.00012955857
0.0001275993
0.0001267969
0.00012403066
0.00012164036
0.00011801405
0.00011616464
0.000113488495
0.00011186093
0.00010829616
0.0001054813
0.00010133215
0.000098021796
0.00009372108
0.00008954505
0.0000855069
0.00008314533
0.00008044394
0.00007837394
0.000075039556
0.00007277638
0.00006993203
0.00006769825
0.000034531546
0.000031462856
0.00002814284
-0.0000032529933
-0.0000063903217
-0.000008866469
-0.000012812858
-0.000016225516
-0.000020572543
-0.00002403213
-0.00002777546
-0.000031381012
-0.00003493982
-0.00003818626
-0.000039834315
-0.000043090065
-0.00004491234
-0.000048408263
-0.000049641505
-0.000053121912
-0.000056142908
-0.000059466383
-0.00006324056
-0.000065960434
-0.0000678482
-0.000070839225
-0.000073159084
-0.000074302065
-0.00007539805
-0.000076495366
-0.00007621931
-0.000078576646
-0.000074598334
-0.00007610168
-0.00007209137
-0.000072883355
-0.00006906339
-0.00007093114
-0.0000645105
-0.00006885018
-0.000061615174
-0.00006858258
-0.00005972125
-0.000067399706
-0.0000550588
-0.0000666009
-0.000054071785
-0.00006180107
-0.000051940657
-0.000058114714
-0.000050735533
-0.00005627061
-0.000046909474
-0.000052585423
-0.000039633003
-0.00004539553
-0.00003649114
-0.000040179006
-0.0000289239
-0.00003381641
-0.00005164238
-0.000055543005
-0.0000504978
-0.00005453854
-0.000047902013
-0.00005016845
-0.00004347621
-0.00004611839
-0.00004069959
-0.000041341267
-0.000036068574
-0.000038756287
-0.00003561171
-0.000035275414
-0.000033414806
-0.000031325068
-0.000029908553
-0.00002997867
-0.000030021818
-0.000028488188
-0.00002630292
-0.000025191453
-0.00001949847
-0.000019996618
-0.000015021896
-0.000016667544
-0.0000125944125
-0.000015223925
-0.000011182239
-0.000015683767
-0.000011040661
-0.000017225982
-0.0000109012335
-0.000015512047
-0.000010140533
-0.000013699369
-0.000008446436
-0.000011235278
-0.0000075157104
-0.000010474322
-0.000007288206
-0.000009359322
-0.000006069991
-0.000009076969
-0.0000059975137
-0.000008926591
-0.000004861875
-0.000007909828
-0.000004858349
-0.000008100477
-0.0000048557185
-0.000008460316
-0.000005436744
-0.000008501194
-0.0000047175513
-0.000007762873
-0.0000051997654
-0.000007654323
-0.0000058180754
-0.000006782863
-0.0000067825104
-0.0000063621446
-0.0000062632644
-0.0000060948114
-0.0000057437637
-0.0000049950254
-0.000005144982
-0.000005218414
-0.0000054526035
-0.0000047515805
-0.000005366192
-0.0000042325837
-0.000005002496
-0.0000039232814
-0.000004640424
-0.0000026272878
-0.0000029773653
-0.0000014683227
-0.0000037179202
-0.0000017594633
-0.0000037832435
-0.0000020316998
-0.0000036576612
-0.0000019291938
-0.000003475779
-0.000002153553
-0.000003408972
-0.0000025071301
-0.0000034336324
-0.000001674273
-0.000001526666
-0.0000013245314
-0.0000012612429
-0.0000010727683
-0.0000014125014
-0.0000012090381
-0.0000013055317
-0.0000010631315
-0.0000012413277
-0.0000011306619
-0.0000011183602
-0.0000012079113
-0.0000012252849
-0.0000008816807
-0.00000039526387
-0.0000004673766
-0.00000047028914
