0.00003219948
0.000032036838
0.000062103565
0.00006181593
0.000061535415
0.00006126188
0.000060995208
0.000060735274
0.000060481954
0.000060235136
0.0000599947
0.000059760543
0.00009252215
0.00009215629
0.000091799775
0.00009145244
0.00009111415
0.00009078473
0.00009046406
0.00009015201
0.000089848436
0.00008955323
0.00008926628
0.0000889875
0.00008871677
0.00008875739
0.00008794241
0.0000882299
0.00008742016
0.00008784221
0.00008686873
0.00008733175
0.00008638708
0.00008686837
0.00008599361
0.00008656165
0.00008565683
0.000086191954
0.000085341366
0.000085954154
0.00008521678
0.00008551136
0.00011659368
0.00011666305
0.00011687926
0.00011687582
0.00014866168
0.0001483795
0.00014766319
0.00014729974
0.00014655625
0.00014628221
0.00014584156
0.00014582714
0.00014537579
0.00014549936
0.00014547865
0.0001444992
0.00014468656
0.00014391699
0.00014328143
0.00014440517
0.00014276315
0.00014429896
0.00014162625
0.00014438416
0.00014080922
0.00014263595
0.00013924722
0.0001418068
0.00013711481
0.00014214279
0.0001352223
0.00014104754
0.00013318745
0.00013860816
0.00013129026
0.00013643038
0.00013092627
0.00013639533
0.0001288319
0.00013809642
0.00013022465
0.00013923402
0.00012922392
0.0001398387
0.00013216722
0.00014208179
0.00013425743
0.00014633658
0.000140353
0.00014926663
0.00014485187
0.00015289315
0.00014836757
0.00015595728
0.00015430793
0.0001596508
0.00015561852
0.00016737478
0.00016213703
0.00017173402
0.00016553285
0.00017571215
0.00016939151
0.00018012339
0.00020370928
0.00021340224
0.00020791206
0.00021862217
0.00021602638
0.00022490315
0.00022170051
0.00023067548
0.0002302126
0.00024036891
0.00023995811
0.00024846543
0.00024480085
0.00025163958
0.00024803003
0.00025449312
0.00024753218
0.0002523214
0.00024514223
0.0002525587
0.00024329615
0.00025126856
0.000245952
0.0002539563
0.00025143835
0.0002583122
0.00025101105
0.00025709879
0.00025097895
0.0002583936
0.00025005295
0.00025597002
0.00024813783
0.00025205236
0.00024466543
0.00024580891
0.00023881001
0.00024118843
0.00023414998
0.00023666355
0.00022914277
0.00023380974
0.0002268085
0.0002307833
0.00022318294
0.00022742606
0.00021850225
0.00022239482
0.00021009173
0.00021325561
0.00020148348
0.0002055148
0.00019135505
0.00019493043
0.00018215553
0.00018838308
0.0001748046
0.00017923715
0.00016489328
0.0001687996
0.00015460505
0.0001564152
0.00014151048
0.00014441668
0.00013156922
0.00013427038
0.000121708195
0.00012476313
0.000112912225
0.000116291754
0.0001047423
0.000107728774
0.00009823246
0.000101933154
0.00009051843
0.00009329218
0.00008257545
0.000085581705
0.000074564356
0.00007840829
0.00006902071
0.000075963995
0.000068524554
0.00007533004
0.000067107125
0.00007460976
0.00006804958
0.00007483648
0.00006559625
0.00007064366
0.000059983424
0.00006680076
0.000057391146
0.00006324448
0.000054638484
0.00006295034
0.000054621498
0.00006232499
0.000055532713
0.00006663876
0.00006282177
0.00007367808
0.00006824281
0.000078178455
0.00007336901
0.00008488819
0.00008181395
0.00009524895
0.00009458495
0.00011052052
0.0001109355
0.0001268
0.00012653728
0.00014152873
0.00014130338
0.0001561727
0.00015465908
0.0001700697
0.00017195911
0.00019042518
0.00019337525
0.00021194213
0.00021414456
0.00023186015
0.00023339642
0.00024993267
0.00024970938
0.00026487611
0.00026357203
0.00027733814
0.00027465334
0.00028784567
0.00028427353
0.00029577792
0.00029050466
0.0003010994
0.00029611395
0.00030761975
0.00030278598
0.00031498668
0.00031209268
0.00032492474
0.0003195934
0.00032928787
0.00032288203
0.0003335638
0.00032666733
0.0003332916
0.00032191144
0.0003273574
0.00031619894
0.00032007255
0.00030609986
0.00030799131
0.0002919353
0.00029147827
0.00027447322
0.00027457858
0.0002590694
0.00026177778
0.0002482709
0.0002523776
0.00024134049
0.00024735954
0.00023494277
0.00023870483
0.00022551423
0.00022828337
0.00021244424
0.000211653
0.000192666
0.00019161416
0.00017400546
0.00017187174
0.00015113763
0.00014907327
0.00013255648
0.00013395734
0.000117128366
0.00011737713
0.00010125217
0.00010384595
0.00008938694
0.000091554306
0.00007649149
0.000080110345
0.00006699718
0.00007159512
0.00005847885
0.00006310188
0.000051149153
0.000057183155
0.000044346125
0.00004866644
0.000036126825
0.0000418647
0.00002919822
0.000033272572
0.000018991026
0.000023211796
0.000011094481
0.000017945089
0.0000065310296
0.000013471626
0.0000038140086
0.000012700684
0.0000039630713
0.000014624518
0.000007876362
0.000019675972
0.000013313533
0.000023577511
0.000013746119
0.000022663231
0.000013657268
0.000021469423
0.000009985933
0.000016745404
0.0000038689054
0.000008225964
-0.0000059469653
-0.0000007219061
-0.00001381054
-0.000009384944
-0.000024687497
-0.000020834697
-0.000034101726
-0.000028758805
-0.000044708257
-0.000043226202
-0.000060042745
-0.00005833677
-0.00007683733
-0.000077009514
-0.00009478692
-0.00009096966
-0.00010552957
-0.00010335612
-0.00012228978
-0.00012227883
-0.00014119988
-0.00014131103
-0.00016180356
-0.00016396416
-0.00018469075
-0.00018484639
-0.00020420329
-0.00020427087
-0.0002229768
-0.00022236741
-0.00024322132
-0.00024442427
-0.0002618181
-0.0002576171
-0.00027326908
-0.0002699349
-0.0002867647
-0.00028320105
-0.00029822733
-0.00029433658
-0.00031158698
-0.00030718406
-0.00032036708
-0.00031421473
-0.00032936124
-0.0003247323
-0.0003389077
-0.00033081026
-0.00034246873
-0.00033596947
-0.0003499988
-0.00034060713
-0.00034774476
-0.0003338714
-0.0003410287
-0.00032784822
-0.00033467324
-0.00032020514
-0.00032556918
-0.00031051465
-0.0003150845
-0.00029772206
-0.00030085605
-0.00028406302
-0.00028870677
-0.00027251837
-0.00027532573
-0.00025631397
-0.00025858692
-0.0002388902
-0.00023707151
-0.00021273046
-0.00020972628
-0.00018603227
-0.00018273685
-0.00015766766
-0.00015337225
-0.00012763459
-0.00012292652
-0.000096385294
-0.00009187947
-0.00006953806
-0.00007055331
-0.00005047925
-0.000054822947
-0.000041561798
-0.00005000881
-0.000035501707
-0.000041973235
-0.000025285428
-0.00002778179
-0.0000058546057
-0.0000024317646
0.000022929706
0.000022687042
0.000041687206
0.00003841504
0.000054826527
0.00004365628
0.000049343183
0.000032136766
0.00003852616
0.000022762906
0.000026090669
0.0000037811458
0.0000035716703
-0.000018563263
-0.000020932936
-0.000047691552
-0.000050960225
-0.0000747607
-0.00007542956
-0.00010053161
-0.0001059459
-0.00013500053
-0.00014162179
-0.00017229505
-0.00018135754
-0.00021397714
-0.00022547315
-0.0002614434
-0.00027477348
-0.00030988967
-0.00032013547
-0.00035259046
-0.0003641336
-0.00040227064
-0.00041561807
-0.00044667188
-0.00045237725
-0.00048142413
-0.00048495963
-0.0005088997
-0.00050678395
-0.0005266458
-0.00052487274
-0.0005495231
-0.0005502623
-0.00057483907
-0.0005794689
-0.0006107248
-0.0006182802
-0.0006480287
-0.00065122254
-0.00067848456
-0.00068509916
-0.0007169057
-0.0007210764
-0.0007460573
-0.0007482884
-0.0007769654
-0.00078089227
-0.0008081287
-0.00081035646
-0.0008360051
-0.00083555875
-0.00085692987
-0.0008526905
-0.0008733693
-0.0008667917
-0.00088064594
-0.0008677844
-0.0008793993
-0.0008664004
-0.0008788686
-0.0008659482
-0.00087695336
-0.0008613674
-0.00086645613
-0.0008409376
-0.0008387226
-0.0008127781
-0.0008113097
-0.00078101945
-0.0007758553
-0.00074819516
-0.000748488
-0.0007241622
-0.0007240606
-0.0006987623
-0.000704348
-0.0006862242
-0.00068932504
-0.00066508824
-0.00067094056
-0.00065126043
-0.00065248733
-0.00062328245
-0.0006186708
-0.0005907559
-0.0005932904
-0.0005694453
-0.0005701923
-0.00054652663
-0.00055278203
-0.00053191377
-0.0005331669
-0.00050572894
-0.0005068936
-0.00048516426
-0.000493711
-0.00047690613
-0.00048917765
-0.00047877143
-0.00049607793
-0.00048399903
-0.00049792876
-0.00048438515
-0.00049763895
-0.000483657
-0.0004965352
-0.00048153254
-0.0004923983
-0.0004707517
-0.00047207496
-0.0004459858
-0.00044919454
-0.00042457524
-0.00042717293
-0.00040298878
-0.00040928088
-0.00039252773
-0.00040875038
-0.00039442113
-0.00040155018
-0.00038164723
-0.000395459
-0.00038146708
-0.00039260107
-0.0003715997
-0.00037717965
-0.00035615714
-0.00036514222
-0.0003427299
-0.0003506119
-0.00033783185
-0.00035746975
-0.00034624894
-0.0003631861
-0.0003524057
-0.00037372977
-0.00036869396
-0.00039199268
-0.00038143044
-0.00039545065
-0.00037708215
-0.00038543632
-0.00036401127
-0.00037619303
-0.00035873786
-0.00036599848
-0.00034235607
-0.00035324076
-0.0003395124
-0.00035617017
-0.00033891594
-0.00035219383
-0.00033944126
-0.00035418317
-0.00033045752
-0.0003338952
-0.0003075104
-0.00030963917
-0.00027503935
-0.0002657769
-0.00022791068
-0.00022984747
-0.00020699101
-0.00021263094
-0.00018476175
-0.00019490795
-0.00018184162
-0.00020159778
-0.00019147866
-0.00021596157
-0.00021414275
-0.0002507556
-0.00025632023
-0.00028870298
-0.00029210106
-0.00033401826
-0.00033751404
-0.00035805235
-0.0003375589
-0.0003458207
-0.00032210557
-0.00033292134
-0.0003111144
-0.0003209864
-0.00029972408
-0.00031178183
-0.00028897778
-0.00029560016
-0.00026865987
-0.00027504496
-0.0002499466
-0.0002615371
-0.0002415207
-0.00025694448
-0.00024453676
-0.0002664101
-0.0002506713
-0.0002643579
-0.00023781628
-0.00023603016
-0.00019399863
-0.00018339489
-0.00014107212
-0.00013459768
-0.000089753536
-0.00007699105
-0.000038242048
-0.000043159627
-0.000013337076
-0.000012100736
0.000024610887
0.00001900235
0.000036836176
0.000012460205
0.00002764839
0.00001399606
0.00003078549
0.0000124267835
0.000042866795
0.000047249527
0.00008663926
0.00009060771
0.00013073995
0.00013265829
0.00016833252
0.00016442846
0.0001944925
0.00019356073
0.00022912731
0.00021935311
0.00024193604
0.00022718518
0.0002389965
0.00019894983
0.00019108174
0.00015389452
0.00015719412
0.000117438096
0.00010681612
0.000058942955
0.000062539286
0.000042319152
0.000059620128
0.000039184277
0.000068031695
0.00007540064
0.00013085344
0.00014397247
0.00018583264
0.00018829058
0.00022517273
0.00020609517
0.00021272436
0.00018767657
0.00021691092
0.00021421368
0.00024461508
0.00022763129
0.00025021177
0.00024269726
0.0002814297
0.00027843402
0.00031730105
0.00032362196
0.00036771208
0.0003665089
0.00040290938
0.0003945611
0.00042884558
0.00043271095
0.00047414258
0.00046326884
0.00049610576
0.00049461087
0.00052502373
0.0004991005
0.0004982275
0.00043963428
0.00041552068
0.00034972496
0.00032665
0.00026490356
0.00025256592
0.0002059532
0.00020512402
0.0001680737
0.00017939965
0.0001431574
0.0001405923
0.00009020455
0.00008472408
0.000049392434
0.00006806468
0.000047511163
0.0000861823
0.00010159646
0.00016076214
0.0001584367
0.00018773352
0.00017907131
0.00022603698
0.00021428445
0.00020984099
0.00014066287
0.00012390582
0.0000708065
0.000059615933
0.000006528224
0.0000113585365
-0.000025042475
-0.00001227344
-0.00003440812
-0.0000022719817
-0.000005559294
0.00004602706
0.000042490643
0.000076892524
0.00006750947
0.00009099293
0.000035169924
0.000011887253
-0.000052303094
-0.000061927596
-0.00011401674
-0.00012111991
-0.00017401291
-0.00015762023
-0.00018029836
-0.00017929098
-0.00024929625
-0.00025321267
-0.00027171205
-0.00023595571
-0.0002636217
-0.00024438958
-0.0002621073
-0.0002105026
-0.0002021363
-0.00015719514
-0.00016803211
-0.00012434996
-0.00013458877
-0.000106646956
-0.0001470758
-0.00014261574
-0.00016932307
-0.00012604428
-0.00013763519
-0.000094668074
-0.00008346428
-0.000007434412
0.000008604259
0.000057459943
0.000038399583
0.00006945745
0.00005615634
0.00009471198
0.000057456095
0.00006241894
0.000023363129
0.00004132175
0.000012632841
0.00005706571
0.00005372983
0.00010740851
0.00010975802
0.0001528615
0.00013581295
0.00021818424
0.00029146147
0.00043146274
0.0005232128
0.00066811766
0.0007124525
0.00075266603
0.0006961179
0.00068494293
0.00060530263
0.0005562221
0.00043576135
0.00040629366
0.0003847586
0.00045284667
0.0004314998
0.0004484823
0.00041766829
0.00044081899
0.00038185477
0.00037672557
0.00035422438
0.00047817524
0.00059590937
0.0007564596
0.0008222088
0.0009381029
0.0009835126
0.0010640052
0.0010370207
0.001044546
0.0010063325
0.0010534243
0.001022804
0.0010218223
0.0009269116
0.00083385996
0.00058163103
0.00037308852
0.00018135438
0.00012971673
0.000046711182
0.000051746858
0.000008497179
0.00006662515
0.000101539845
0.00019528299
0.00019239653
0.00028373316
0.0003400363
0.00043491824
0.00040474453
0.0003900289
0.00028459157
0.00026533156
0.00015995697
0.000052718773
-0.00015733104
-0.00023167083
-0.00028414704
-0.00024165185
-0.00027797735
-0.00022380949
-0.00020770445
-0.00006474383
0.00004946201
0.00025267582
0.00042706306
0.0007350789
0.0009794957
0.0012460653
0.0013220558
0.0013373274
0.0011809929
0.0010013913
0.0006358845
0.00032927305
0.000029641107
-0.00011166366
-0.00030286095
-0.0004072251
-0.0005695029
-0.0006315054
-0.0007445511
-0.00071848807
-0.0006928145
-0.0005012812
-0.00037465547
-0.0002384265
-0.00019451331
-0.000021164136
0.000011097587
0.00002593429
-0.000036627694
0.000005179834
-0.0001134492
-0.00027291
-0.0006444838
-0.0009531217
-0.0012104891
-0.0012843991
-0.0014901415
-0.001578045
-0.0015632847
-0.0013112276
-0.0012221372
-0.001194764
-0.0012177634
-0.0009567111
-0.0006801118
-0.00043369667
-0.00049978966
-0.00055209536
-0.000728161
-0.00092632754
-0.0012357314
-0.0012832235
-0.0012378705
-0.001007601
-0.00095345755
-0.00096075353
-0.0011220279
-0.001130206
-0.0011232967
-0.00085345947
-0.00060855737
-0.00035861522
-0.0003881369
-0.00049106864
-0.0008139817
-0.0010316889
-0.0012592716
-0.001349796
-0.0016067531
-0.0016218502
-0.0014598175
-0.0011622627
-0.0011881299
-0.00127235
-0.0014935444
-0.0014262652
-0.0012428752
-0.0010278757
-0.0011618981
-0.0011488869
-0.0011020368
-0.0009931836
-0.0011919435
-0.0013772353
-0.001457957
-0.0010415049
-0.00093215023
-0.0014148933
-0.0022771284
-0.0024387566
-0.0022423666
-0.002211433
-0.0025450578
-0.002290029
-0.0016755045
-0.0010100479
-0.00094247295
-0.00096048106
-0.0008176503
-0.00043768916
-0.00051277
-0.000612893
-0.00088445673
-0.00097177
-0.0008616647
-0.0004447336
-0.00036838118
-0.00033966528
-0.00074054906
-0.0010040868
-0.0005932154
0.00072148384
0.0015056379
0.0013202007
0.00045913365
0.00029247874
0.0003029314
-0.00020962425
-0.001473233
-0.0021628672
-0.0022212244
-0.0019120128
-0.0020764396
-0.0013310438
0.0006479399
0.002038823
0.0012068155
0.00046654997
0.00070002367
0.0013641504
0.0011850467
0.00055691507
0.0006306499
0.0019760702
0.0012199088
-0.0012835902
-0.0021058184
-0.00046524094
0.000524629
-0.00013067105
-0.002097441
-0.0019253682
0.00069878704
0.0019571683
0.0007005928
0.0011833251
0.0025000342
0.0027709873
0.0017048725
0.000077224446
-0.00054257555
0.0011111804
0.0016482732
0.00068613497
-0.0010205315
-0.0004036888
0.0025235992
0.003510452
-0.00070353155
-0.004633687
-0.0029615301
0.002639414
0.0056234556
0.0033334054
0.00006624511
0.00088041613
-0.0007049923
0.00007081846
0.0076407767
0.009384984
0.0028096011
0.0009799119
0.0019177876
0.0019003481
0.0027078148
0.0044804723
0.0033974717
0.00009579436
-0.00067943544
0.0012121078
-0.0006361594
-0.006703162
-0.0028937059
0.009345049
0.002051145
-0.00941971
-0.0072505116
-0.00022492715
0.0011845641
0.0025631418
0.0032101057
-0.0039385823
-0.005781665
-0.006161235
-0.008038874
-0.0005200146
0.0053016716
0.0011053256
0.0027164612
0.012027488
0.01058846
0.00306419
0.006897818
0.013347122
0.005374314
-0.009260748
-0.014923269
-0.00511595
0.010425485
0.020006321
0.00081540854
-0.014559286
-0.0026050285
0.012691732
0.00905239
-0.0018553553
-0.009156964
-0.000113785216
0.0127329575
0.015396375
-0.011244595
-0.023372933
0.0108424425
0.030829147
0.0061810743
-0.012890272
-0.007465656
0.0058417013
0.0043181847
-0.0048491606
-0.010427376
-0.024791814
0.0044112387
0.021140104
-0.032573264
-0.040105756
0.029567374
0.07681205
0.20079571
0.29089174
0.1592805
0.027048787
0.021325385
0.017700069
-0.055673897
-0.06724753
0.008386206
-0.016716318
-0.013095936
-0.009744086
-0.05828713
-0.04132797
0.012187108
0.023776758
0.01227629
-0.04829148
-0.029906789
0.026891006
-0.024241269
-0.07018066
-0.023196122
0.07050152
0.049477246
-0.07523287
-0.094917856
-0.008851825
0.013017898
-0.018631985
-0.034890242
-0.0060876086
-0.0017829386
-0.050248787
-0.07325403
-0.010275164
0.050900348
-0.000680406
-0.069623835
-0.04339878
0.05866063
0.043542277
-0.049103245
-0.07669767
-0.050269667
0.03384061
0.035152394
-0.04266152
-0.05890282
0.01155226
0.020763826
-0.03615304
-0.056661073
-0.030539414
-0.004492073
0.034207433
0.019975532
-0.061648004
-0.08450138
-0.035416137
0.015058265
0.030515252
-0.022231633
-0.030462246
0.007252712
-0.033573076
-0.055077218
0.004082942
0.017406382
-0.02392856
-0.03911626
0.013949775
0.029778808
-0.028614476
-0.036145292
0.010619975
0.020639433
-0.030891344
-0.05200739
-0.004131174
0.030613076
0.008782663
-0.04233717
-0.045420438
0.004728346
0.020842943
-0.00044037454
-0.016655039
-0.0032431565
0.012746353
0.010181263
-0.0125121
-0.012636086
0.006226461
-0.00023453825
-0.013771968
-0.026150057
-0.02347147
0.008967232
0.022552809
0.005288246
-0.015376188
-0.013300165
-0.008542594
-0.0054755923
-0.0067143305
-0.007951862
0.002299304
0.0025009103
-0.0018512154
-0.010287397
-0.026800409
-0.01781562
0.010699857
0.0069273943
-0.010168365
-0.0017482407
0.008735056
0.0075578154
-0.010000693
-0.019511815
-0.0039250003
0.002155899
-0.013581425
-0.01518268
-0.0045393794
0.0009231993
0.0034027614
-0.0023487567
-0.0061407094
0.0026409656
0.0064847236
0.0051562814
0.0017529993
0.00067012216
0.0031674025
-0.0003289526
-0.0007979494
0.0011950284
-0.0055732904
-0.0098829735
-0.0063606948
-0.00048879156
0.0038744835
0.0019720744
0.0008211898
0.005274044
0.0055056196
-0.00034662665
-0.0017597275
0.0049232207
0.00848935
0.0024065205
-0.004374054
-0.003943336
0.0011263788
0.0039926036
0.0006524459
-0.001939931
0.0018033417
0.005546815
0.005241029
0.0037525361
0.0032771956
0.0041729175
0.0040118797
0.0014734417
-0.0013239572
-0.0018289324
-0.0004752661
0.0010865697
0.002237823
0.003435649
0.0046523144
0.005995645
0.007128299
0.0075795813
0.006711686
0.004990813
0.0033524723
0.0022310468
0.0016462281
0.0022448862
0.003348549
0.0039475793
0.0037757386
0.0035378195
0.0037760232
0.0042035747
0.0038769327
0.0034101224
0.003670092
0.004646225
0.005243704
0.0050798
0.004606064
0.0043849596
0.004007927
0.003273667
0.0022897944
0.0018818924
0.0024082453
0.0036307645
0.0048291227
0.005672809
0.0057428777
0.00532259
0.0049185883
0.004866135
0.0046493304
0.004132578
0.0035420046
0.0033243047
0.003435555
0.0040575974
0.004858723
0.0054868488
0.0056419703
0.005543123
0.0053908313
0.0054036127
0.0053004925
0.005198313
0.005220366
0.0053934357
0.0050749695
0.00429123
0.003684347
0.003863049
0.0044360496
0.004945104
0.0050433883
0.005115255
0.0052425913
0.005223653
0.0047934763
0.004334425
0.0040104687
0.0039428608
0.003906167
0.0039400766
0.003994665
0.004194247
0.004359019
0.0044919094
0.00450051
0.004572329
0.004605329
0.004633098
0.0045046485
0.004343785
0.0042012124
0.0042707105
0.0043227435
0.00431713
0.004227108
0.004251737
0.004266951
0.0043024565
0.0042685433
0.004329202
0.0044262637
0.004620821
0.0046932735
0.0047129174
0.0046960018
0.004755255
0.004765523
0.004881748
0.005031634
0.005195886
0.0051717144
0.0050773234
0.0048676566
0.0046597444
0.004396171
0.0042024916
0.0040650675
0.0041102166
0.0041438234
0.004217998
0.004294643
0.004447013
0.0045253173
0.0045974357
0.0045724595
0.0045621367
0.0045044483
0.0044927606
0.0044289655
0.0044177896
0.004408704
0.004475551
0.00445126
0.0043735686
0.004194349
0.0041099824
0.0040730336
0.0040975795
0.0040525175
0.0040695355
0.0040771114
0.0041259187
0.004124104
0.0041766902
0.004197285
0.0042291773
0.0041423487
0.0040441807
0.003936564
0.0039553302
0.0039491476
0.003942774
0.0039003575
0.0039341226
0.0039222916
0.0039194524
0.0038439254
0.0038040846
0.0037570258
0.0037931679
0.0037839813
0.003796883
0.0037875343
0.0038335298
0.0038284778
0.0038338685
0.0037404485
0.0036545773
0.0035524266
0.0035131276
0.003418215
0.0033389132
0.0032252518
0.0031925535
0.0031643915
0.0031978614
0.0032012789
0.0032491584
0.0032539184
0.0032896805
0.0033087735
0.0034115969
0.0034795771
0.0035442447
0.0035354411
0.003549651
0.0035079026
0.0034832482
0.0034094483
0.0033854004
0.0033379735
0.0033116469
0.0032221864
0.0031773
0.0031178899
0.0030965358
0.003028368
0.0030169538
0.0029999372
0.003039913
0.003056821
0.0031070784
0.0031081697
0.003147883
0.0031429369
0.0031418763
0.003084147
0.0030751252
0.0030363875
0.0030228102
0.0029668575
0.0029449533
0.0029015725
0.0029198204
0.0029037935
0.0029113314
0.002884011
0.0028905733
0.002841855
0.0028043818
0.0027268005
0.002703804
0.00266257
0.0026478886
0.0025754226
0.0025274868
0.0024482815
0.0023980055
0.0023031617
0.0022504167
0.0021822935
0.002162648
0.002111628
0.0020884783
0.002029107
0.0020084654
0.0019505584
0.0019251168
0.0018845438
0.001898992
0.0018833391
0.001894136
0.0018679379
0.0018768104
0.0018569606
0.0018722586
0.0018334788
0.0017915058
0.0017021081
0.0016512588
0.00157271
0.0015263489
0.0014411621
0.0013886472
0.001317216
0.0012858543
0.0012074694
0.0011592271
0.0011096853
0.0011165761
0.0010926846
0.0010979737
0.0010665009
0.001059555
0.0010128915
0.00098661
0.00091679796
0.00086764595
0.00077778933
0.0007223501
0.00065733946
0.00065196224
0.0006287713
0.00063603866
0.00061649014
0.0006418316
0.00064874656
0.00068669865
0.0006824071
0.0007017658
0.0006904023
0.0007007462
0.00066633924
0.00065920997
0.00062377856
0.0006144052
0.0005646346
0.0005351935
0.00047606288
0.00046031427
0.00042491689
0.00041460144
0.00036499195
0.00034760914
0.00030297734
0.0002799273
0.00022034936
0.0001879369
0.00012953402
0.00011010322
0.0000643837
0.00004535971
0.0000066077237
0.0000143654515
-0.000007975472
-0.000014889133
-0.000053846437
-0.000058597292
-0.000084660314
-0.000073923635
-0.00008859063
-0.00006957688
-0.00007274036
-0.000051450534
-0.00007029894
-0.00006692215
-0.0000912769
-0.000086603024
-0.00011036876
-0.00010262107
-0.00011697974
-0.00009438023
-0.000087886154
-0.000045222303
-0.000030317371
0.000007770931
0.0000108446075
0.000035571127
0.000028267985
0.00004444907
0.000034240617
0.000056434194
0.000048144855
0.00006090666
0.000050999133
0.000077575656
0.00007635485
0.00009385367
0.00007990665
0.000097598844
0.000095372736
0.00012278043
0.000116565876
0.00013106754
0.00012310543
0.00014190143
0.00012285674
0.00012320426
0.000098068456
0.00010114324
0.000079865975
0.00008896684
0.000071081115
0.000075200165
0.00004781967
0.000037139205
-0.0000068310237
-0.000027264537
-0.000082533035
-0.00012170095
-0.00018671283
-0.00022124151
-0.00028310713
-0.0003260882
-0.00039692444
-0.00043349294
-0.0004821654
-0.0004978036
-0.00054204697
-0.00056558277
-0.00061199296
-0.00062730873
-0.0006653705
-0.00067773706
-0.0007144892
-0.0007213528
-0.0007484162
-0.00075127697
-0.00077992183
-0.0007766535
-0.00079257955
-0.000788261
-0.0008193512
-0.00083367014
-0.0008741764
-0.00088953075
-0.0009344243
-0.0009629139
-0.0010188454
-0.0010463925
-0.0010986895
-0.001130263
-0.0011826588
-0.0012049208
-0.0012501541
-0.0012700169
-0.0013132058
-0.0013335923
-0.0013772197
-0.0013940558
-0.0014377463
-0.0014619741
-0.0015083262
-0.0015264156
-0.0015628634
-0.0015691984
-0.0015966468
-0.001598225
-0.001619074
-0.0016136337
-0.0016307228
-0.0016199867
-0.001625151
-0.0016014811
-0.0016003875
-0.001576342
-0.0015751278
-0.0015506177
-0.0015519982
-0.0015364902
-0.0015494479
-0.0015423794
-0.0015645267
-0.0015709366
-0.0016014287
-0.0016049428
-0.0016284186
-0.0016299025
-0.0016557587
-0.0016538443
-0.0016635384
-0.0016441509
-0.0016482086
-0.0016302038
-0.0016324201
-0.0016116991
-0.0016151349
-0.0015953839
-0.0015976392
-0.0015798511
-0.0015854867
-0.0015696309
-0.0015762394
-0.0015578031
-0.001559731
-0.0015406233
-0.0015418384
-0.001516964
-0.001515543
-0.0014968349
-0.0015004891
-0.0014804719
-0.0014797795
-0.001456641
-0.0014603812
-0.0014470498
-0.0014527707
-0.0014327749
-0.0014368352
-0.0014261504
-0.0014397652
-0.0014286797
-0.0014361214
-0.0014238143
-0.001436368
-0.0014275825
-0.0014370732
-0.0014251239
-0.0014363951
-0.0014264785
-0.0014364617
-0.0014248297
-0.001434962
-0.0014262149
-0.0014394704
-0.0014309161
-0.0014451704
-0.0014435538
-0.0014660946
-0.0014680724
-0.001489065
-0.0014870776
-0.001504955
-0.0015031818
-0.0015218236
-0.0015166497
-0.0015302579
-0.0015241005
-0.0015370332
-0.001528083
-0.0015402415
-0.001532306
-0.0015445463
-0.001535965
-0.0015452156
-0.0015330798
-0.0015458284
-0.0015433966
-0.0015612713
-0.0015595042
-0.0015787056
-0.0015752033
-0.0015875131
-0.0015775732
-0.0015879071
-0.0015801329
-0.0015927445
-0.001585622
-0.0016009253
-0.0016008983
-0.0016221654
-0.0016215147
-0.0016392315
-0.0016381707
-0.0016557968
-0.0016512417
-0.0016651669
-0.0016622293
-0.0016831086
-0.0016857522
-0.0017051396
-0.0017038458
-0.0017228038
-0.0017228398
-0.0017417562
-0.0017406552
-0.0017577069
-0.001756508
-0.0017769104
-0.0017796443
-0.0018017701
-0.0018054427
-0.0018272846
-0.0018265928
-0.0018435165
-0.001844792
-0.0018674058
-0.0018713974
-0.0018934964
-0.0018962099
-0.0019188022
-0.0019239555
-0.0019452577
-0.0019442933
-0.001963022
-0.0019651854
-0.0019828773
-0.0019772658
-0.0019873404
-0.0019787245
-0.001990075
-0.0019821916
-0.0019884668
-0.0019739277
-0.0019791576
-0.0019681917
-0.001974809
-0.001960802
-0.001962928
-0.0019456669
-0.0019461814
-0.0019283413
-0.0019277132
-0.001908678
-0.0019074104
-0.0018870024
-0.0018833616
-0.0018615176
-0.0018588427
-0.0018415024
-0.0018442216
-0.0018292991
-0.0018335669
-0.0018233533
-0.0018323117
-0.0018228831
-0.0018302643
-0.0018197119
-0.0018259571
-0.0018127703
-0.0018146973
-0.0017969673
-0.001796237
-0.0017775707
-0.001774122
-0.0017534498
-0.001752986
-0.0017357414
-0.0017346012
-0.0017172677
-0.0017192434
-0.001704183
-0.0017057611
-0.001689607
-0.0016899556
-0.0016734179
-0.0016729578
-0.0016531607
-0.0016509705
-0.0016347595
-0.0016371146
-0.0016222646
-0.0016242131
-0.0016107246
-0.0016161692
-0.0016057306
-0.0016113031
-0.0015992675
-0.0016050483
-0.0015955797
-0.0016026432
-0.0015933019
-0.0016032463
-0.0016002023
-0.001616204
-0.0016155631
-0.0016302617
-0.0016285898
-0.0016437912
-0.0016412798
-0.001653641
-0.0016485284
-0.0016580953
-0.0016495492
-0.0016565755
-0.0016480653
-0.001657806
-0.0016529819
-0.0016640269
-0.0016574636
-0.0016685706
-0.0016670034
-0.0016820664
-0.0016796086
-0.0016929228
-0.0016904387
-0.0017039477
-0.001700853
-0.0017116942
-0.0017047169
-0.00171423
-0.0017084227
-0.0017163982
-0.0017063
-0.0017109471
-0.001699498
-0.0017042697
-0.0016923978
-0.0016934554
-0.0016773507
-0.001678376
-0.0016657441
-0.0016687246
-0.001655083
-0.0016567248
-0.001643021
-0.0016447793
-0.0016309042
-0.0016327775
-0.0016198977
-0.0016217809
-0.0016064044
-0.001606107
-0.0015917392
-0.0015932324
-0.0015790995
-0.0015799508
-0.0015654634
-0.0015664094
-0.0015520841
-0.0015526781
-0.0015389846
-0.0015414393
-0.001528026
-0.0015280469
-0.0015130871
-0.0015147857
-0.0015022596
-0.0015050557
-0.0014938106
-0.0014984037
-0.0014891373
-0.001494802
-0.0014833002
-0.0014847076
-0.001471384
-0.0014722386
-0.0014561407
-0.0014544829
-0.0014402255
-0.0014428295
-0.001432285
-0.001436606
-0.0014257984
-0.0014305296
-0.0014220241
-0.0014280871
-0.0014193517
-0.0014263305
-0.001420783
-0.0014304289
-0.0014244958
-0.0014313982
-0.001422993
-0.0014287677
-0.0014194506
-0.0014232908
-0.0014130658
-0.0014186818
-0.0014111422
-0.0014185081
-0.0014122505
-0.0014207246
-0.001415325
-0.0014236027
-0.0014166587
-0.0014235736
-0.0014162889
-0.0014219156
-0.0014124707
-0.0014174008
-0.001409237
-0.0014154959
-0.0014075133
-0.0014124663
-0.0014022724
-0.0014065376
-0.0013986113
-0.0014042846
-0.0013945237
-0.0013978276
-0.0013873421
-0.001390837
-0.0013801269
-0.0013815792
-0.0013681715
-0.0013690706
-0.0013560732
-0.0013544037
-0.0013378599
-0.0013355752
-0.001320339
-0.0013188566
-0.0013035332
-0.0013010736
-0.001284706
-0.0012817741
-0.0012654422
-0.0012625861
-0.00124603
-0.0012417757
-0.0012225163
-0.0012160888
-0.0011968609
-0.0011907372
-0.0011698587
-0.0011605903
-0.0011373404
-0.0011275623
-0.0011042617
-0.0010932108
-0.0010691414
-0.001059157
-0.0010360014
-0.0010255022
-0.0010023043
-0.000993484
-0.0009730584
-0.0009661221
-0.00094546337
-0.00093751226
-0.0009176446
-0.00091168564
-0.00089198624
-0.00088417483
-0.0008635913
-0.0008560937
-0.0008358596
-0.00082857424
-0.0008085285
-0.0008024116
-0.0007853866
-0.0007815348
-0.00076430145
-0.00076091266
-0.0007470634
-0.0007468441
-0.00073393405
-0.0007333837
-0.0007199163
-0.0007192023
-0.000705766
-0.00070426107
-0.00069007004
-0.0006887986
-0.00067508686
-0.00067344005
-0.0006591454
-0.0006576339
-0.0006441928
-0.0006439643
-0.0006321031
-0.00063297665
-0.0006220695
-0.0006244593
-0.0006152879
-0.00061894406
-0.00061052956
-0.00061421277
-0.00060529343
-0.00060775346
-0.0005971145
-0.0005989126
-0.0005891728
-0.00059105427
-0.0005799948
-0.00058144
-0.00057196536
-0.000575138
-0.000565721
-0.0005673664
-0.0005563438
-0.00055769057
-0.00054725946
-0.0005475944
-0.0005352601
-0.00053567014
-0.0005247313
-0.0005254326
-0.00051418785
-0.00051486434
-0.00050355616
-0.00050420995
-0.0004931504
-0.0004936798
-0.00048252664
-0.00048269745
-0.00047000666
-0.0004687234
-0.00045595874
-0.00045437712
-0.000440501
-0.00043880838
-0.0004270657
-0.00042794063
-0.00041682867
-0.0004161517
-0.00040327394
-0.00040228217
-0.00038998638
-0.000388217
-0.00037365756
-0.0003699161
-0.00035456193
-0.00035048756
-0.00033443436
-0.0003293779
-0.00031350512
-0.00030951263
-0.00029353995
-0.00028830845
-0.0002723982
-0.0002688096
-0.00025416727
-0.00024982097
-0.00023299565
-0.00022701672
-0.00021022522
-0.00020475876
-0.00018779632
-0.00018255085
-0.00016740791
-0.00016368434
-0.0001486581
-0.00014476576
-0.00012957028
-0.00012515145
-0.000109741995
-0.00010504148
-0.00008893543
-0.00008460276
-0.00007059889
-0.00006798511
-0.000054463868
-0.000051688512
-0.00003761386
-0.00003435657
-0.000020161913
-0.00001652176
-0.0000020603416
0.0000011707563
0.000014960304
0.000018038963
0.000031688644
0.000033979864
0.000046599915
0.000048479284
0.00006113845
0.00006295167
0.0000748301
0.000075603995
0.00008686581
0.00008683261
0.00009649991
0.00009556069
0.00010593114
0.00010625285
0.00011689301
0.00011648284
0.00012694999
0.00012818261
0.00014038487
0.00014154508
0.00015279365
0.00015399487
0.00016593901
0.00016762938
0.0001802824
0.00018308578
0.00019620988
0.00019893316
0.00021167901
0.00021370631
0.00022604925
0.00022806297
0.00023993116
0.00024185287
0.0002549576
0.0002581393
0.00027130294
0.00027464126
0.00028873328
0.00029329446
0.0003081492
0.00031206902
0.0003254051
0.0003292214
0.0003439055
0.0003482615
0.00036176216
0.0003652414
0.00037975106
0.0003851862
0.00040081138
0.0004064856
0.00042266754
0.0004299057
0.00044742148
0.00045484284
0.0004720638
0.0004794356
0.0004965219
0.00050341187
0.00051952223
0.00052561145
0.0005418551
0.00054837856
0.00056419516
0.00057009055
0.0005860413
0.00059286004
0.00060985016
0.00061724504
0.000634035
0.00064113794
0.0006583641
0.00066617806
0.0006833264
0.0006909365
0.00070809154
0.0007151826
0.00073135394
0.00073762855
0.0007531589
0.00075940153
0.0007752759
0.000780879
0.00079507974
0.00079973484
0.00081348605
0.0008171917
0.00083007297
0.00083351444
0.00084594975
0.0008483205
0.0008593495
0.0008608962
0.0008718459
0.00087323337
0.0008832959
0.00088391773
0.00089419
0.0008952422
0.0009048877
0.00090486463
0.00091387273
0.00091331423
0.0009209189
0.0009181018
0.0009238127
0.0009206371
0.0009266593
0.0009232971
0.00092885346
0.0009254386
0.0009313889
0.0009287332
0.0009351715
0.00093245524
0.0009388064
0.00093632756
0.0009426911
0.00094011397
0.0009469136
0.00094468857
0.0009503062
0.00094618724
0.0009506551
0.0009461836
0.00095046236
0.00094549113
0.00094890123
0.00094379357
0.00094796595
0.0009429419
0.00094611995
0.00094102253
0.00094553444
0.0009418514
0.0009468793
0.00094286184
0.0009476285
0.0009444335
0.000950169
0.00094668445
0.00095110066
0.00094682514
0.0009514452
0.00094763964
0.0009523735
0.0009484009
0.000952836
0.0009487104
0.0009529396
0.00094853033
0.00095279387
0.00094896025
0.00095394603
0.00095066126
0.0009556865
0.00095241744
0.00095807126
0.0009554923
0.0009609483
0.0009579495
0.00096352404
0.00096087746
0.00096638716
0.00096335076
0.0009684719
0.0009652461
0.00097021065
0.0009666422
0.00097125885
0.000968215
0.0009737082
0.0009709576
0.000976932
0.0009756009
0.0009826166
0.0009811893
0.0009876888
0.0009857403
0.0009914051
0.0009884567
0.0009929682
0.0009892845
0.0009941191
0.000991076
0.0009958588
0.0009927488
0.0009981812
0.0009960509
0.001001707
0.0009988516
0.0010035706
0.0010003976
0.0010052554
0.001001982
0.001006422
0.0010033223
0.0010084423
0.0010055589
0.0010101489
0.0010067971
0.0010116475
0.001009221
0.0010147187
0.0010124536
0.0010182362
0.0010164789
0.0010224405
0.001020737
0.0010268198
0.0010251278
0.0010308132
0.0010283635
0.0010333195
0.0010309705
0.0010369074
0.0010351858
0.0010404885
0.0010381881
0.0010438316
0.001041921
0.0010473988
0.001045257
0.0010508125
0.0010494449
0.0010561818
0.0010554319
0.0010621361
0.0010618967
0.0010695676
0.0010698567
0.0010773799
0.0010771501
0.0010843929
0.001084809
0.0010929615
0.0010935408
0.0011012584
0.0011019959
0.0011106988
0.0011124966
0.0011218807
0.0011243268
0.0011343855
0.0011373154
0.0011474458
0.0011505007
0.0011611495
0.0011645408
0.001174725
0.0011774813
0.0011874002
0.0011901745
0.0012001115
0.0012028135
0.001212571
0.0012151462
0.0012244456
0.0012261997
0.0012350298
0.0012371067
0.0012462864
0.0012482237
0.001257313
0.0012597262
0.0012693441
0.0012720088
0.0012814304
0.0012837166
0.0012932085
0.0012957533
0.0013045976
0.0013060858
0.0013146036
0.0013160788
0.0013238274
0.0013242066
0.0013312199
0.0013315489
0.0013390045
0.0013395294
0.0013466281
0.0013470012
0.0013542899
0.0013545342
0.0013609814
0.0013603746
0.0013666082
0.001366245
0.0013724846
0.001371735
0.0013775422
0.0013766955
0.0013822513
0.0013806524
0.0013853887
0.0013833717
0.0013878266
0.0013854346
0.0013893442
0.0013865264
0.0013902176
0.0013869999
0.0013899318
0.0013862983
0.0013892422
0.001385484
0.0013879252
0.0013836997
0.0013859466
0.0013818938
0.0013844423
0.0013801634
0.001381593
0.0013764123
0.0013778078
0.0013727279
0.0013737147
0.0013679934
0.0013684883
0.0013627823
0.0013634481
0.0013574067
0.0013575763
0.0013519522
0.0013528775
0.0013472909
0.0013476902
0.0013416434
0.0013417351
0.0013354985
0.001335239
0.0013284081
0.0013273825
0.0013198443
0.0013182648
0.0013105351
0.0013091649
0.0013016637
0.0013000204
0.001292162
0.001290647
0.0012833421
0.001282128
0.0012745861
0.0012730168
0.0012655141
0.0012638367
0.0012556941
0.001253411
0.0012451732
0.0012428138
0.0012341543
0.0012311265
0.0012221654
0.0012195297
0.0012111673
0.001208456
0.0011995251
0.0011966246
0.0011879917
0.0011850081
0.0011759038
0.0011725158
0.0011632905
0.0011600124
0.0011507899
0.0011470517
0.0011375985
0.0011342858
0.0011250031
0.0011208995
0.0011107938
0.0011064651
0.0010965224
0.0010923966
0.001082572
0.001078547
0.0010690058
0.0010650755
0.0010552062
0.0010507494
0.0010405895
0.0010360101
0.0010257119
0.0010209938
0.0010107316
0.0010061844
0.0009962647
0.0009919599
0.000981964
0.000977329
0.00096694677
0.00096182205
0.000950971
0.0009455025
0.0009346898
0.0009295718
0.0009189173
0.0009135782
0.0009030507
0.0008982905
0.000888102
0.00088305876
0.0008724905
0.00086745905
0.0008572949
0.00085257
0.0008422123
0.00083692395
0.00082646287
0.0008213884
0.00081065926
0.0008050051
0.00079420366
0.0007888717
0.000778458
0.00077351514
0.00076342636
0.00075861823
0.00074861356
0.0007436378
0.00073336234
0.00072837353
0.00071812567
0.0007128799
0.0007025975
0.0006977624
0.00068786496
0.000682857
0.00067266496
0.0006679329
0.00065863575
0.0006546983
0.0006456067
0.00064148876
0.0006325724
0.0006290363
0.00062059495
0.0006171505
0.00060879
0.00060576445
0.00059809996
0.00059547136
0.0005879944
0.00058597315
0.000579461
0.00057783566
0.00057098735
0.0005689008
0.00056211173
0.00056048104
0.0005539941
0.00055226387
0.0005458163
0.0005446371
0.00053886697
0.0005379719
0.00053257734
0.000532414
0.0005277369
0.0005280927
0.00052386237
0.00052444724
0.00052046287
0.0005214785
0.000517725
0.0005185559
0.00051484996
0.00051611185
0.0005129344
0.00051467237
0.000511897
0.000513945
0.0005115477
0.00051390886
0.00051173905
0.00051438255
0.00051275035
0.00051594374
0.0005146017
0.00051787903
0.0005167268
0.0005201997
0.0005190272
0.0005221042
0.0005204461
0.0005231922
0.00052118796
0.00052331935
0.00052087446
0.0005230794
0.00052102254
0.00052340503
0.00052123406
0.0005236881
0.00052227575
0.0005255884
0.00052445114
0.0005276601
0.00052662747
0.0005299969
0.0005288887
0.0005320704
0.0005308715
0.00053382484
0.0005323125
0.00053491234
0.0005330341
0.00053541886
0.0005334918
0.0005356421
0.00053354003
0.00053588074
0.00053395337
0.00053599157
0.0005337219
0.0005356938
0.0005336007
0.0005356707
0.0005332433
0.0005347251
0.0005322228
0.0005340897
0.0005316476
0.0005328533
0.00052976666
0.00053093774
0.0005280577
0.00052897783
0.0005255188
0.0005260508
0.0005226328
0.0005231744
0.0005194574
0.0005196195
0.00051578257
0.0005159622
0.0005120767
0.0005119693
0.00050782575
0.00050774356
0.00050364045
0.0005031393
0.00049844605
0.00049758714
0.0004928673
0.0004920551
0.00048723497
0.0004860819
0.00048096364
0.00047975464
0.00047465845
0.00047320814
0.00046788418
0.0004663388
0.00046083154
0.00045900143
0.00045334015
0.00045141816
0.00044579245
0.0004439238
0.00043800383
0.00043550157
0.00042923796
0.00042662365
0.0004201979
0.0004175554
0.00041147115
0.0004092248
0.00040325162
0.00040076184
0.0003945758
0.00039198832
0.00038556207
0.00038238635
0.00037539337
0.00037206095
0.00036521
0.0003618217
0.0003548172
0.00035149304
0.00034474063
0.0003414126
0.00033431643
0.00033067956
0.00032374976
0.0003204766
0.00031373755
0.00031049462
0.00030383602
0.00030070526
0.00029416734
0.00029091607
0.0002840446
0.00028053377
0.00027359716
0.0002699548
0.0002629325
0.00025953914
0.0002529078
0.00024941302
0.00024240628
0.00023880147
0.00023201805
0.000228633
0.00022188011
0.000218374
0.00021180525
0.00020879158
0.00020240585
0.00019905868
0.00019260404
0.00018970764
0.00018377366
0.0001810053
0.00017486446
0.00017198996
0.0001662209
0.00016377534
0.0001579925
0.00015514049
0.0001491777
0.00014655518
0.0001408874
0.00013833561
0.0001327266
0.00013034898
0.0001250049
0.00012277406
0.000117468546
0.00011529915
0.00011019569
0.00010820479
0.00010312757
0.000100895275
0.00009556344
0.00009329243
0.0000879483
0.0000853536
0.00007967298
0.000076996716
0.00007142788
0.00006881515
0.00006327766
0.00006077729
0.000055553024
0.00005342752
0.000048496106
0.000046558263
0.000041964493
0.000040261646
0.00003548583
0.00003351217
0.000028815493
0.000026871796
0.000021893904
0.000019647485
0.0000146289585
0.000012469522
0.0000075733515
0.0000053757335
0.000000428169
-0.0000016067299
-0.000006359685
-0.000008544402
-0.000013585173
-0.000015827545
-0.000020600039
-0.000022688846
-0.000027602538
-0.000029866636
-0.00003465662
-0.000036659087
-0.00004133947
-0.000043451804
-0.00004811682
-0.00005009572
-0.000054849654
-0.000057301175
-0.00006251354
-0.00006511101
-0.0000702305
-0.00007288375
-0.00007814439
-0.00008073338
-0.000085750245
-0.000088249915
-0.0000932359
-0.000095643896
-0.000100482066
-0.00010289576
-0.00010801432
-0.000110877874
-0.00011618627
-0.00011892543
-0.00012425869
-0.00012755432
-0.00013342015
-0.00013681312
-0.00014265775
-0.00014628876
-0.00015243256
-0.00015618319
-0.00016210241
-0.00016553131
-0.0001714467
-0.00017518009
-0.00018111247
-0.0001845666
-0.00019030293
-0.00019383851
-0.00019976564
-0.00020334803
-0.00020901374
-0.00021236468
-0.00021813136
-0.00022186576
-0.00022781682
-0.00023141534
-0.0002372198
-0.00024087731
-0.0002466598
-0.00025014687
-0.00025579304
-0.0002593272
-0.0002649592
-0.00026829715
-0.00027372743
-0.00027711474
-0.00028266112
-0.00028607703
-0.00029155042
-0.0002949141
-0.00030038957
-0.00030378872
-0.00030918434
-0.00031256603
-0.00031803417
-0.00032132652
-0.00032636686
-0.0003292222
-0.00033406063
-0.00033682722
-0.00034140295
-0.0003438717
-0.0003482755
-0.0003507923
-0.00035520922
-0.0003573569
-0.00036113904
-0.00036301473
-0.00036681534
-0.00036849667
-0.00037192795
-0.00037358096
-0.0003772492
-0.00037909223
-0.00038264834
-0.00038418442
-0.0003875089
-0.00038895983
-0.0003920519
-0.000393126
-0.00039593875
-0.00039705663
-0.0003999248
-0.00040077965
-0.00040315746
-0.00040366536
-0.00040580664
-0.0004060267
-0.00040778946
-0.00040783934
-0.00040974608
-0.0004100476
-0.00041200436
-0.00041227834
-0.00041431398
-0.00041476943
-0.00041674913
-0.00041685606
-0.00041853273
-0.00041861428
-0.0004201842
-0.0004199827
-0.0004213193
-0.0004211318
-0.00042259172
-0.00042246655
-0.0004237774
-0.0004234434
-0.00042477174
-0.0004248262
-0.00042641902
-0.00042633738
-0.00042770366
-0.00042765765
-0.00042914003
-0.00042906587
-0.00043027799
-0.000429959
-0.0004312134
-0.00043106335
-0.0004321221
-0.00043163367
-0.00043264782
-0.00043242238
-0.00043367106
-0.0004335285
-0.00043475823
-0.00043467752
-0.00043601505
-0.00043610242
-0.0004376041
-0.00043783567
-0.00043940987
-0.00043962916
-0.00044109105
-0.00044132286
-0.0004428986
-0.0004431268
-0.00044450106
-0.00044467818
-0.0004462689
-0.00044668515
-0.00044825854
-0.0004486785
-0.0004504812
-0.00045114054
-0.00045291244
-0.00045348535
-0.0004553797
-0.00045638563
-0.0004586566
-0.00045971104
-0.00046191234
-0.0004631997
-0.00046574758
-0.0004670434
-0.00046919892
-0.00047023495
-0.00047241754
-0.00047356624
-0.0004757296
-0.00047678922
-0.00047897996
-0.000480349
-0.0004827726
-0.00048404408
-0.0004863675
-0.00048793
-0.00049058674
-0.0004922531
-0.00049488235
-0.0004966277
-0.000499364
-0.0005010474
-0.0005035204
-0.0005050462
-0.00050751684
-0.00050908315
-0.0005114392
-0.0005128236
-0.00051513285
-0.0005166728
-0.00051909185
-0.0005206765
-0.0005231842
-0.00052501535
-0.00052781653
-0.0005298775
-0.0005327478
-0.00053487637
-0.0005378761
-0.0005401037
-0.00054290664
-0.00054474344
-0.00054734235
-0.00054930354
-0.00055192003
-0.0005536986
-0.00055618654
-0.00055807043
-0.0005606898
-0.0005625164
-0.0005648374
-0.0005664001
-0.00056867284
-0.0005703388
-0.00057246815
-0.00057380216
-0.0005758088
-0.00057729444
-0.0005793103
-0.000580624
-0.00058247277
-0.00058374886
-0.0005856197
-0.00058693485
-0.0005887692
-0.00059011136
-0.00059196714
-0.00059319637
-0.0005948757
-0.0005960744
-0.0005977534
-0.0005988482
-0.00060038356
-0.0006016512
-0.00060354255
-0.0006049027
-0.0006065123
-0.0006076492
-0.0006092863
-0.00061056536
-0.00061212707
-0.0006131083
-0.00061441556
-0.00061542005
-0.00061674777
-0.00061751896
-0.000618495
-0.0006192227
-0.0006203502
-0.00062099105
-0.0006217453
-0.0006222395
-0.00062320905
-0.00062398735
-0.0006248723
-0.0006252789
-0.00062591175
-0.0006263555
-0.00062695885
-0.0006271743
-0.00062759756
-0.0006279814
-0.0006286459
-0.0006290862
-0.0006296779
-0.00063007727
-0.0006306148
-0.0006310094
-0.00063152466
-0.0006318612
-0.00063239253
-0.0006328934
-0.0006334364
-0.0006337885
-0.0006342022
-0.0006345354
-0.0006348596
-0.00063497026
-0.0006350873
-0.00063523697
-0.000635492
-0.00063575525
-0.0006360249
-0.0006363211
-0.0006367563
-0.0006373087
-0.0006377824
-0.00063822157
-0.00063869514
-0.00063934247
-0.00063997484
-0.000640643
-0.00064125756
-0.00064209616
-0.00064295164
-0.0006438567
-0.0006444899
-0.0006451863
-0.0006458625
-0.0006467014
-0.0006472347
-0.00064787525
-0.00064847874
-0.00064937206
-0.00065008755
-0.0006510008
-0.00065179984
-0.0006528823
-0.00065372954
-0.0006547939
-0.0006556399
-0.00065681554
-0.00065783097
-0.00065915164
-0.0006602334
-0.0006617013
-0.0006628973
-0.00066428335
-0.00066533615
-0.000666861
-0.0006681916
-0.00066987216
-0.0006711067
-0.00067270844
-0.0006741212
-0.00067602337
-0.0006774451
-0.0006791046
-0.000680421
-0.00068242825
-0.0006841011
-0.00068600505
-0.00068735343
-0.0006892418
-0.00069066306
-0.000692304
-0.0006931586
-0.00069433264
-0.000695022
-0.00069625117
-0.0006968964
-0.0006979891
-0.0006986053
-0.0006998942
-0.00070061535
-0.0007017178
-0.0007021871
-0.00070335105
-0.0007040361
-0.0007053175
-0.00070589234
-0.0007070028
-0.0007074933
-0.00070857187
-0.00070883875
-0.00070952566
-0.0007093815
-0.0007098184
-0.00070946914
-0.0007097318
-0.0007093288
-0.00070967013
-0.0007092582
-0.0007095139
-0.0007089762
-0.0007091118
-0.0007084795
-0.00070855784
-0.0007077171
-0.00070756057
-0.0007066049
-0.0007063788
-0.0007051079
-0.000704378
-0.0007027596
-0.0007020003
-0.0007002636
-0.0006991586
-0.0006970345
-0.0006957308
-0.00069351884
-0.0006920607
-0.00068952976
-0.0006879139
-0.00068550574
-0.0006840102
-0.00068147626
-0.0006798942
-0.00067745306
-0.00067600346
-0.0006734934
-0.0006718493
-0.000669111
-0.00066724874
-0.0006642435
-0.0006620962
-0.0006588015
-0.0006565456
-0.00065320166
-0.00065074617
-0.0006471362
-0.00064467004
-0.0006411965
-0.00063874567
-0.00063515373
-0.0006328608
-0.0006296719
-0.00062763365
-0.00062436867
-0.0006222447
-0.0006190437
-0.000617003
-0.0006135765
-0.0006110838
-0.0006074024
-0.0006050591
-0.0006014404
-0.0005987956
-0.0005947609
-0.0005920713
-0.0005883298
-0.0005858702
-0.000582083
-0.0005796036
-0.00057602685
-0.00057396595
-0.0005706095
-0.0005684375
-0.00056499324
-0.0005630534
-0.0005597778
-0.0005577356
-0.00055432075
-0.0005523726
-0.00054917677
-0.0005474461
-0.0005443119
-0.0005425777
-0.00053950737
-0.0005379781
-0.00053505495
-0.00053355156
-0.00053067686
-0.00052941544
-0.0005267695
-0.0005256237
-0.00052297494
-0.00052185555
-0.0005193295
-0.0005183648
-0.00051585695
-0.00051488786
-0.00051241694
-0.00051151135
-0.0005089956
-0.00050807814
-0.0005057103
-0.0005049425
-0.0005024136
-0.0005014368
-0.0004989961
-0.0004983346
-0.0004960738
-0.0004954457
-0.00049322884
-0.0004928804
-0.0004910327
-0.0004909045
-0.0004890417
-0.0004889072
-0.00048719507
-0.00048718945
-0.00048526612
-0.00048503702
-0.00048317935
-0.00048313112
-0.00048127546
-0.00048117514
-0.00047931104
-0.00047927717
-0.00047740317
-0.00047725215
-0.00047534212
-0.0004754673
-0.00047382197
-0.0004739518
-0.00047221247
-0.0004724202
-0.00047068446
-0.0004705791
-0.0004684017
-0.00046814932
-0.0004660529
-0.00046589275
-0.00046370938
-0.00046345798
-0.0004614444
-0.0004615749
-0.00045969727
-0.00045964832
-0.000457598
-0.0004577208
-0.00045589695
-0.00045596124
-0.000453942
-0.00045409697
-0.00045230097
-0.00045243523
-0.0004502501
-0.00045001062
-0.00044781383
-0.0004478601
-0.00044572665
-0.0004455213
-0.00044308807
-0.0004427899
-0.00044027422
-0.00043968274
-0.0004367494
-0.00043591755
-0.0004329352
-0.0004322346
-0.00042930906
-0.00042845722
-0.00042538787
-0.0004245936
-0.00042138904
-0.0004201624
-0.0004165764
-0.00041524615
-0.00041162092
-0.0004102511
-0.00040657498
-0.0004052366
-0.0004016297
-0.00040032968
-0.00039661847
-0.0003951649
-0.0003913347
-0.00038979197
-0.00038576894
-0.00038412755
-0.00038015706
-0.00037855466
-0.00037442966
-0.00037258505
-0.00036825542
-0.00036629505
-0.00036168878
-0.0003593283
-0.00035448925
-0.00035227856
-0.00034765774
-0.000345365
-0.00034039922
-0.00033806328
-0.0003334439
-0.0003313475
-0.00032656547
-0.00032432008
-0.00031962313
-0.00031753763
-0.000312804
-0.00031064363
-0.00030592916
-0.00030378657
-0.0002989252
-0.00029652804
-0.00029138388
-0.00028892283
-0.00028377672
-0.00028110645
-0.00027570047
-0.00027310447
-0.00026787183
-0.00026529186
-0.0002600158
-0.00025757717
-0.0002525823
-0.00025038375
-0.00024526683
-0.00024278197
-0.00023764465
-0.0002354226
-0.00023027655
-0.00022768183
-0.00022229632
-0.00021993202
-0.00021482768
-0.00021252605
-0.00020735386
-0.00020513244
-0.00020021193
-0.00019819592
-0.00019318852
-0.0001910028
-0.00018597457
-0.00018398983
-0.000179068
-0.0001769183
-0.00017177589
-0.00016971584
-0.00016476668
-0.00016270911
-0.00015758429
-0.00015550072
-0.0001505992
-0.00014880406
-0.00014387895
-0.00014184494
-0.00013678153
-0.00013491212
-0.00013005092
-0.00012820725
-0.00012331296
-0.000121560035
-0.00011669908
-0.000114970506
-0.00011015186
-0.00010848738
-0.0001038038
-0.000102348815
-0.00009764006
-0.00009604764
-0.00009136868
-0.00008984757
-0.000085028165
-0.00008346378
-0.00007880089
-0.00007735106
-0.000072553936
-0.000071006834
-0.00006637724
-0.00006514298
-0.000060608203
-0.000059279377
-0.000054760745
-0.00005383576
-0.00004970841
-0.000048782305
-0.000044506134
-0.00004372696
-0.000039688162
-0.00003885454
-0.00003439659
-0.000033317006
-0.000029087092
-0.00002844822
-0.00002442118
-0.000023809505
-0.000019869343
-0.000019584122
-0.00001597737
-0.000015786844
-0.000012142259
-0.000012156072
-0.000008812204
-0.000008978174
-0.0000056896297
-0.0000061203573
-0.000003065712
-0.000003316021
0.00000013628534
-0.000000030601573
0.0000032382393
0.0000028087427
0.0000059752692
0.00000558356
0.000008665058
0.000007965512
0.000010997516
0.0000105399395
0.000013646069
0.000012905201
0.00001570162
0.00001479316
0.000017619246
0.000016636368
0.00001907928
0.000017663137
0.000020159512
0.000019151077
0.000021851056
0.000020629352
0.000023146229
0.000021907084
0.000024462033
0.000023163908
0.000025605326
0.000024279068
0.000026883434
0.000025621799
0.000028058465
0.000026490568
0.00002880987
0.000027360245
0.000029762718
0.000028128634
0.000030460813
0.000029084142
0.000031746717
0.000030444515
0.00003305687
0.00003173196
0.00003439939
0.000033028227
0.000035598645
0.00003415433
0.000036724126
0.000035173463
0.00003742184
0.000035535428
0.00003769115
0.000035520294
0.000037133697
0.000034726978
0.00003663788
0.000034561202
0.000036702142
0.0000348833
0.0000374314
0.000036095913
0.000038912123
0.000037269565
0.000039627426
0.000037820435
0.000040091065
0.00003776992
0.000039344723
0.000036740035
0.000038564103
0.00003614529
0.000037757898
0.000034903835
0.0000364117
0.000033755765
0.00003526963
0.00003234409
0.00003386007
0.000031286185
0.00003315774
0.000030558775
0.000032179938
0.000029435858
0.00003109285
0.00002828326
0.00002978867
0.00002679582
0.000028107464
0.000024890434
0.000026043092
0.000022747974
0.000024044544
0.000020962558
0.000022274333
0.000018923087
0.000020218034
0.000017386594
0.000019253412
0.000016607883
0.00001867118
0.000016407479
0.00001893428
0.00001700514
0.000019536905
0.000017283863
0.000019673947
0.000017440732
0.000019570985
0.00001681173
0.000018656436
0.000015934229
0.000018029015
0.00001540575
0.0000173045
0.000014523962
0.000016783497
0.000014597258
0.000017132801
0.000014912298
0.00001766084
0.000015834612
0.000018873723
0.000017223445
0.000020544774
0.00001925085
0.00002281368
0.00002148639
0.00002510956
0.000024071209
0.000027964896
0.000026942593
0.000030743304
0.000029616405
0.00003342317
0.00003234464
0.000036297402
0.000035624635
0.000040216983
0.00003991829
0.000044531054
0.000044280874
0.000049300957
0.000049383158
0.000054323835
0.000054147273
0.00005906697
0.000059123406
0.00006424331
0.00006399374
0.000068741305
0.000068726215
0.00007393679
0.000073791045
0.0000787186
0.00007881106
0.000084326435
0.00008478185
0.000090249094
0.00009034825
0.000095715935
0.00009606564
0.00010159089
0.000101776444
0.00010732044
0.00010796287
0.00011400429
0.00011463686
0.000120319455
0.000120575474
0.00012611145
0.00012625165
0.0001314625
0.00013123747
0.00013641275
0.0001362626
0.00014143021
0.00014116251
0.00014624484
0.00014593896
0.0001510107
0.00015067593
0.00015595234
0.0001559682
0.00016141367
0.0001613196
0.00016665658
0.00016649422
0.00017177874
0.00017142168
0.00017632602
0.00017549343
0.00018037211
0.00018006648
0.00018527654
0.00018464505
0.00018956128
0.00018900828
0.00019415791
0.00019366793
0.00019863849
0.000197917
0.00020301092
0.00020237584
0.00020701632
0.00020581606
0.00021041925
0.00020933505
0.00021386657
0.00021255095
0.00021690212
0.00021554853
0.00022009932
0.00021902745
0.00022381818
0.00022286164
0.00022761678
0.00022625984
0.00023061036
0.00022924833
0.00023370796
0.00023202367
0.00023593722
0.00023395897
0.00023802271
0.00023609061
0.00023985069
0.00023776533
0.00024190122
0.00024012788
0.00024418643
0.00024227267
0.00024657315
0.00024508612
0.00024945842
0.0002473976
0.00025119924
0.00024921002
0.00025354335
0.00025169202
0.0002557764
0.0002539528
0.00025844615
0.00025690685
0.00026140505
0.00025957634
0.00026397355
0.0002624841
0.0002670659
0.00026514602
0.00026958843
0.00026830667
0.00027345176
0.0002723314
0.0002773096
0.00027588347
0.00028070793
0.0002792502
0.00028396852
0.00028233157
0.00028713114
0.00028580794
0.00029089605
0.00028966388
0.00029483635
0.00029365555
0.00029892084
0.00029778894
0.00030290952
0.00030160602
0.00030691669
0.00030598365
0.00031172662
0.00031126378
0.00031746726
0.000317216
0.0003232902
0.00032272248
0.0003288131
0.00032843644
0.0003343019
0.00033331104
0.00033896844
0.00033835167
0.0003444903
0.0003439096
0.00034976148
0.0003489499
0.0003550395
0.00035467368
0.00036076768
0.00036013985
0.00036656222
0.000366425
0.00037277612
0.00037220685
0.00037821959
0.00037725043
0.00038285667
0.000381529
0.0003869311
0.00038572474
0.0003913796
0.00039001586
0.00039551186
0.00039432713
0.00039985933
0.00039818542
0.00040336532
0.00040197137
0.00040761832
0.0004061072
0.0004111894
0.00040922879
0.0004145158
0.0004130808
0.00041843703
0.00041656764
0.00042178654
0.00042020608
0.00042567108
0.0004237553
0.0004285617
0.0004263062
0.00043107287
0.00042832305
0.00043241054
0.00042971707
0.00043476463
0.00043304998
0.0004384522
0.00043658025
0.00044205724
0.00044068255
0.00044662628
0.00044513328
0.00045077968
0.00044929335
0.00045490923
0.00045298837
0.0004581494
0.0004557866
0.00046067935
0.00045842057
0.0004633638
0.00046068564
0.00046553626
0.00046336176
0.00046851125
0.00046604752
0.00047077143
0.00046788136
0.0004724022
0.0004695166
0.00047404898
0.00047110938
0.00047572644
0.00047286236
0.0004773564
0.00047426915
0.00047875312
0.00047558965
0.00047983986
0.00047652193
0.000480961
0.0004781833
0.0004833157
0.00048103096
0.00048684987
0.0004855587
0.00049200415
0.0004904837
0.00049649953
0.0004950692
0.0005016545
0.0005002333
0.0005058079
0.0005032852
0.00050866907
0.000506316
0.0005115194
0.0005088491
0.0005141535
0.00051164074
0.00051696715
0.00051461445
0.00052024773
0.0005181296
0.00052395475
0.00052158406
0.0005269243
0.0005244409
0.0005297607
0.00052667334
0.0005314635
0.0005284725
0.00053348375
0.00053031417
0.0005348714
0.00053125474
0.00053600187
0.0005328412
0.000537276
0.00053311914
0.0005372753
0.00053384475
0.0005385446
0.00053468556
0.00053878815
0.0005348382
0.0005392675
0.0005353958
0.00053933356
0.0005348676
0.00053867715
0.0005341183
0.0005375172
0.0005322641
0.0005351218
0.0005298128
0.0005328615
0.0005273118
0.0005300683
0.0005247924
0.00052810425
0.00052286446
0.0005255978
0.00051953003
0.00052173785
0.0005154882
0.0005174611
0.0005103859
0.0005113927
0.00050378684
0.0005043622
0.0004960916
0.0004962878
0.00048782214
0.00048785433
0.00047931142
0.0004791514
0.0004702881
0.00047058132
0.0004627595
0.0004635794
0.0004557678
0.0004566701
0.00044846823
0.00044837932
0.00043921938
0.00043867994
0.00042921756
0.0004281469
0.00041808788
0.00041708708
0.00040783794
0.00040755392
0.00039801095
0.00039714007
0.00038765155
0.00038703158
0.00037725418
0.00037632554
0.00036697832
0.00036738356
0.00035919517
0.00035965294
0.00035089836
0.00035127538
0.00034281367
0.00034332616
0.00033454364
0.00033460368
0.00032577355
0.00032625397
0.00031757713
0.00031787154
0.0003091011
0.0003093187
0.0002998584
0.000299555
0.00029091086
0.00029213747
0.0002844519
0.0002862517
0.0002791623
0.0002819222
0.000276046
0.00027948894
0.00027345654
0.00027714248
0.00027193635
0.0002757568
0.0002696817
0.00027266284
0.00026628317
0.00026955258
0.00026326985
0.00026578433
0.00025863206
0.00026156468
0.00025583807
0.00025981956
0.00025427277
0.0002584513
0.00025344072
0.00025839667
0.0002541169
0.00025955285
0.00025569566
0.00026176852
0.00025820406
0.0002640218
0.00025992075
0.0002654414
0.0002615519
0.0002674135
0.00026330873
0.00026907158
0.0002656902
0.00027239887
0.0002692945
0.00027595606
0.00027298005
0.00027995982
0.0002771035
0.00028405906
0.0002811369
0.00028825479
0.00028548457
0.00029222146
0.00028906242
0.00029627534
0.00029334822
0.00029990845
0.00029656905
0.00030340184
0.00029990915
0.00030607768
0.00030191813
0.00030766046
0.00030345118
0.0003091543
0.00030415662
0.0003093226
0.00030507945
0.0003114242
0.00030730505
0.0003130486
0.00030889863
0.00031548215
0.00031180753
0.00031765027
0.00031241728
0.0003173505
0.0003120211
0.00031651105
0.00031031782
0.0003148043
0.0003094882
0.0003148288
0.00030949287
0.0003141007
0.0003081878
0.00031274842
0.00030661013
0.0003107137
0.00030415037
0.00030775557
0.00030053736
0.00030382845
0.00029686716
0.0003010285
0.0002950074
0.00029940938
0.00029267406
0.0002968739
0.00029125798
0.0002962883
0.00029003952
0.00029426382
0.0002877384
0.00029198802
0.00028550052
0.00028939478
0.00028216862
0.00028619036
0.00027981374
0.0002839505
0.0002769398
0.00028089754
0.00027425573
0.00027887363
0.00027234104
0.0002759359
0.0002682372
0.0002721269
0.00026567036
0.00027005168
0.00026309895
0.0002673302
0.00026064747
0.00026497344
0.000225887
0.00023019474
0.00019316799
0.00019728848
0.000189652
0.00019322115
0.0001860887
0.00019042575
0.00018361655
0.00018813237
0.00018143123
0.00018612643
0.00014653668
0.00015124855
0.00014474636
0.00014966427
0.00014255659
0.00014571419
0.00013698496
0.00013991114
0.00013134543
0.00013389952
0.00012493043
0.00012769336
0.00011946708
0.0001224934
0.000113868264
0.00011512423
0.000106359985
0.0001079039
0.0000982998
0.00009876933
0.00008999196
0.0000924325
0.00008507097
0.000087756314
0.000079700985
0.000082107465
0.000074480566
0.00007680296
0.0000680529
0.00007016058
0.00003032751
0.00003356725
0.000024261668
0.000026262078
-0.000016055692
-0.000014589893
-0.000024890558
-0.000024073746
-0.000034638713
-0.000032824064
-0.000042127518
-0.000039279734
-0.00004761977
-0.00004427679
-0.00005285577
-0.000048644553
-0.000058071237
-0.000054278924
-0.00006263331
-0.000060956907
-0.00006903732
-0.0000678401
-0.000074124975
-0.00007314626
-0.00007786568
-0.00007580798
-0.000080980055
-0.00007880748
-0.00008016894
-0.000078583194
-0.0000778622
-0.00007724616
-0.00007467308
-0.00007228279
-0.00006933118
-0.00006668521
-0.00006607229
-0.0000633657
-0.000060214257
-0.00006237169
-0.000060237155
-0.000061712446
-0.00005623982
-0.00005853601
-0.00005522999
-0.000056935696
-0.000053306987
-0.000056164652
-0.000052953124
-0.000051363295
-0.000048718768
-0.00004559285
-0.00004307991
-0.00003961908
-0.0000388326
-0.00003186384
-0.000029013527
-0.000029842697
-0.000026805123
-0.000025391268
-0.000021574417
-0.000022178063
-0.000019426217
-0.000020158957
-0.00004688156
-0.00004707825
-0.00004495731
-0.00004490139
-0.00004354526
-0.00004030247
-0.000038813745
-0.000036593847
-0.000037386413
-0.000035032477
-0.000036310248
-0.00003445254
-0.00003407833
-0.00003124571
-0.000031820444
-0.000029767012
-0.000028383047
-0.000025154606
-0.000022515636
-0.000021402904
-0.000018210974
-0.00001840383
-0.0000174868
-0.000015994052
-0.000017865355
-0.000016186626
-0.000014542699
-0.000012849966
-0.000012720058
-0.000013042056
-0.000011791807
-0.000011292336
-0.000010885856
-0.000008983892
-0.000009994555
-0.000006051927
-0.0000080074615
-0.000005363426
-0.0000070088104
-0.00000470606
-0.0000062638132
-0.00000575111
-0.000007400424
-0.000006053095
-0.000007075128
-0.0000062917466
-0.0000070327947
-0.000007614613
-0.000006811642
-0.000007109056
-0.0000062226445
-0.000007794376
-0.0000061159694
-0.0000075943276
-0.0000057834877
-0.000008268876
-0.0000056895465
-0.000007849884
-0.0000061652395
-0.000008012927
-0.000005741161
-0.000006241128
-0.000004952831
-0.0000060427474
-0.000005063075
-0.000005384861
-0.000004749015
-0.000004897919
-0.0000044947833
-0.0000045190186
-0.000004025706
-0.0000034209218
-0.0000042370034
-0.0000035527376
-0.0000032392045
-0.0000025750828
-0.0000026390246
-0.0000020691011
-0.0000028100812
-0.000002905253
-0.000002446408
-0.000002090506
-0.0000021567673
-0.0000022924494
-0.0000024527126
-0.0000025637983
-0.0000030065098
-0.0000030147985
-0.0000032561115
-0.0000029160933
-0.0000012628252
-0.0000016560056
-0.0000012799427
-0.0000013630872
-0.0000010369511
-0.0000015343757
-0.0000009618234
-0.0000014140587
-0.0000010126902
-0.0000012962038
-0.0000011287766
-0.0000011561796
-0.0000012180902
-0.0000013025146
-0.0000008721424
-0.000000442037
-0.0000004856077
-0.00000048920515
