0.00002490201
0.000024781448
0.000024663786
0.000024548986
0.000024437011
0.000024327817
0.000047633694
0.000047432823
0.00004723698
0.000047046095
0.00007254696
0.00007225746
0.00007197521
0.00007170012
0.00007143211
0.00007117109
0.000070917
0.00007066976
0.000070429334
0.00007019567
0.00006996874
0.000069748494
0.00006953492
0.00006932801
0.00006912773
0.00006893409
0.00006874707
0.000068566675
0.00006839289
0.00006822572
0.0000681289
0.00006789007
0.000067838344
0.00006742217
0.00006757432
0.00006713386
0.00006730265
0.00006691291
0.000091765774
0.00009126077
0.00009139356
0.00011627885
0.00011647078
0.00011560375
0.00011585057
0.00011520141
0.00011539834
0.00011473435
0.00011543879
0.00011490799
0.00011511515
0.000114375725
0.00011413755
0.000113904505
0.00011362542
0.00011326461
0.00011302146
0.00011280933
0.00011268964
0.00011267627
0.00011184664
0.00011279858
0.000111661255
0.00011248184
0.00011132415
0.0001127503
0.00011191125
0.00011188548
0.00011174584
0.00011136996
0.00011101116
0.00010977169
0.00010881954
0.00010638727
0.00010696758
0.00010698851
0.00010609251
0.00010936614
0.00010520322
0.000109197776
0.00010543426
0.00011034717
0.00010687689
0.00010974414
0.000110818146
0.000111666166
0.00011277764
0.0001130336
0.000117071824
0.00011482384
0.000120507466
0.000119867786
0.00012570787
0.00012153385
0.00012707843
0.00012866496
0.00015732237
0.00015195874
0.00015735121
0.00015622946
0.0001611265
0.00015840297
0.00016575702
0.00016139557
0.00016844372
0.00016155113
0.00016855323
0.0001638294
0.0001733184
0.00017187884
0.0001806004
0.00017889221
0.0001874804
0.00018359371
0.00019375874
0.00018893115
0.00019957393
0.00019409966
0.00020507992
0.00019727823
0.00020596657
0.0001944332
0.00020325473
0.00019496192
0.0002050976
0.00019577202
0.00020546062
0.00019682336
0.00020704108
0.00020007441
0.00020971007
0.00020234332
0.00021127457
0.00020288253
0.00021135993
0.00020262411
0.00020961819
0.00020033248
0.00020711978
0.0001968142
0.00020384081
0.00019240638
0.00019949101
0.00018858597
0.00019592384
0.0001849624
0.00019147011
0.00018114761
0.00018756116
0.0001787146
0.00018310432
0.00017360799
0.00017888761
0.00016793716
0.00017153822
0.00016050914
0.00016263845
0.00015077695
0.00015311223
0.00014076871
0.00014371928
0.00013247464
0.00013523975
0.00012463982
0.00012675113
0.000114702285
0.00011650555
0.00010602329
0.000109441244
0.0000990782
0.00010176786
0.000090756745
0.000094841016
0.000083332416
0.00008597343
0.000074335294
0.00007917928
0.00006892207
0.00007375778
0.000063612686
0.00006947058
0.00005911223
0.00006268001
0.00005233926
0.0000574536
0.00004945321
0.000055400647
0.00004880555
0.00005447836
0.00004755203
0.000053733576
0.000047837886
0.00005473644
0.000048243543
0.00005432991
0.000048225662
0.000054451062
0.00004775721
0.000053727013
0.000048247024
0.000055066044
0.00004898011
0.00005528397
0.00004913755
0.00005729956
0.00005352003
0.0000627217
0.000059158912
0.00006891487
0.00006646472
0.00007711467
0.00007473571
0.00008565003
0.00008462642
0.00009704297
0.000096392454
0.000108691085
0.000108102955
0.000120862554
0.0001208975
0.00013399437
0.0001333044
0.00014519629
0.00014509026
0.00016004888
0.00016241542
0.00017698706
0.00017722092
0.00019094165
0.0001924622
0.00020701671
0.00020632123
0.00021759205
0.0002159166
0.00022796914
0.00022598643
0.00023692733
0.00023452382
0.00024537268
0.00024208616
0.00025155328
0.00024675674
0.0002551738
0.00025061626
0.0002607744
0.00025789306
0.0002676528
0.00026250805
0.00027106784
0.0002658307
0.00027241526
0.00026329645
0.00026786453
0.00025916795
0.00026311123
0.00025153422
0.00025370112
0.00024268753
0.0002449756
0.00023162653
0.00023125188
0.00021740008
0.00021834778
0.00020616347
0.00020867526
0.00019711243
0.00019939367
0.00018782605
0.0001908685
0.0001798529
0.00018268375
0.00017121472
0.00017325998
0.00015986728
0.00016020385
0.00014632483
0.00014651434
0.00013184428
0.00013070312
0.000114327144
0.00011236906
0.00009724907
0.00009745158
0.00008330159
0.00008425876
0.000072284325
0.00007616374
0.00006586292
0.000069827365
0.000059009817
0.000063241874
0.000053184845
0.000057571815
0.000047429687
0.00005245395
0.000042627224
0.000047095553
0.00003658435
0.000041013725
0.000030662333
0.000034995737
0.000024461531
0.000028720326
0.000017537224
0.000021302252
0.000011657527
0.000018942785
0.00001100197
0.000016447153
0.000006693743
0.0000132502955
0.0000050147723
0.000011312889
0.000003148334
0.000012427606
0.0000070934066
0.000014807437
0.0000047091607
0.000009190384
-0.000000486234
0.0000066570715
-0.0000007061811
0.0000070176493
-0.0000022970262
0.0000031386114
-0.0000054603706
0.00000193814
-0.0000087210055
-0.0000059581917
-0.00001752184
-0.000011786469
-0.000022404174
-0.000018923767
-0.000031433887
-0.0000279089
-0.000040527237
-0.00003898884
-0.000054915134
-0.000055049568
-0.0000699289
-0.00006898188
-0.00008510598
-0.00008629268
-0.000103431645
-0.00010431018
-0.000121702855
-0.00012384448
-0.0001419142
-0.0001433042
-0.00016040902
-0.00016115449
-0.00017750819
-0.00017695173
-0.00019201492
-0.00019058933
-0.00020611615
-0.00020644073
-0.00022286174
-0.00022128382
-0.00023427073
-0.00023050379
-0.00024419525
-0.0002419584
-0.00025566257
-0.0002520376
-0.00026442963
-0.000259633
-0.00027032665
-0.00026438117
-0.0002759283
-0.00027017412
-0.0002794208
-0.00027144526
-0.00028111457
-0.00027452118
-0.00028421188
-0.0002761241
-0.00028400135
-0.00027403721
-0.00028008685
-0.00026918054
-0.0002760773
-0.00026525985
-0.00026912332
-0.0002553661
-0.000260511
-0.00024842977
-0.00025134816
-0.00023685886
-0.00024074258
-0.00022643481
-0.00022690721
-0.00020929059
-0.00021043023
-0.0001948346
-0.00019554213
-0.00017765837
-0.00017628777
-0.00015619936
-0.00015275496
-0.00013166688
-0.00012808201
-0.00010682836
-0.00010469438
-0.000086890905
-0.00008665867
-0.000067267196
-0.0000656063
-0.000048349797
-0.000051423744
-0.000037038495
-0.000039850012
-0.00002534127
-0.000031041516
-0.000019516066
-0.00002255503
-0.000003623151
-0.0000031635566
0.0000122226875
0.00000787465
0.000023081373
0.00002115138
0.00003488252
0.00002553477
0.0000317398
0.000019743658
0.00002620697
0.0000135226755
0.000018779867
0.0000046794066
0.0000072550206
-0.000010426901
-0.000011037237
-0.000031813273
-0.000033945893
-0.000053000596
-0.000052404226
-0.0000716953
-0.000074793155
-0.00009843717
-0.00010302898
-0.00012677556
-0.00013374617
-0.00016140463
-0.00017010409
-0.00019810908
-0.00020896494
-0.00023954536
-0.000248556
-0.00027420302
-0.00028055077
-0.00030684646
-0.0003134796
-0.00033891137
-0.00034519922
-0.00036881454
-0.00036955398
-0.00038936303
-0.00039155956
-0.00041263123
-0.00041150325
-0.00043058358
-0.00043411655
-0.00045907873
-0.00046383214
-0.0004885265
-0.0004932403
-0.00051572063
-0.00051662186
-0.00053826964
-0.00054290914
-0.00056957465
-0.0005754415
-0.00059848325
-0.00059975317
-0.00062115333
-0.0006226623
-0.00064405706
-0.00064452406
-0.0006644135
-0.0006643665
-0.00068597833
-0.0006871975
-0.0007072872
-0.0007055882
-0.0007224709
-0.00071638555
-0.00072830496
-0.00071715907
-0.00072573905
-0.0007147357
-0.00072436145
-0.0007095676
-0.00071057526
-0.00068914844
-0.00068945426
-0.00066754397
-0.00066301966
-0.0006367181
-0.0006352709
-0.0006157531
-0.00061550655
-0.0005922784
-0.0005924805
-0.0005751516
-0.0005794992
-0.0005598585
-0.0005611709
-0.0005447633
-0.00055364124
-0.00054120546
-0.0005460442
-0.0005246386
-0.00052260864
-0.0004996001
-0.0005009427
-0.00048123903
-0.00048052392
-0.00045779545
-0.00046188742
-0.0004466186
-0.00044910578
-0.00042689894
-0.00043005633
-0.0004144284
-0.00042034214
-0.00040343235
-0.00040942532
-0.000393092
-0.00039845708
-0.00038227078
-0.00039017462
-0.00037595275
-0.00038254168
-0.00036643678
-0.00037346935
-0.00035546496
-0.0003574093
-0.0003384275
-0.0003459143
-0.00033098404
-0.00033574307
-0.00031575473
-0.0003193325
-0.0003007577
-0.00030515686
-0.00028732256
-0.0002960968
-0.00028556632
-0.00029788428
-0.00028296653
-0.00028747157
-0.0002687228
-0.00027638613
-0.0002616671
-0.00026864817
-0.00025012778
-0.0002547545
-0.00023677899
-0.00024397873
-0.00023063085
-0.00024366556
-0.00023208014
-0.00024359272
-0.00023303763
-0.0002487429
-0.00024285886
-0.00026458286
-0.00026312502
-0.0002808851
-0.00026883517
-0.000280294
-0.00026967033
-0.00028346473
-0.00026923846
-0.00027665086
-0.00026246803
-0.00027737618
-0.00026534492
-0.00027260717
-0.00025621225
-0.0002679778
-0.0002526725
-0.00025774335
-0.00023904405
-0.0002506145
-0.0002372302
-0.00024276073
-0.00021831553
-0.00021761093
-0.00019119102
-0.00019107833
-0.00016824763
-0.00017134644
-0.00014708434
-0.00015072043
-0.00013475196
-0.00014597068
-0.00013080434
-0.00014670544
-0.00014677124
-0.0001767379
-0.00017606694
-0.00019903682
-0.00020135527
-0.0002354358
-0.0002418567
-0.0002660756
-0.00025647544
-0.00027013675
-0.00025703156
-0.0002712839
-0.00025775938
-0.0002660099
-0.00024590045
-0.00025765016
-0.0002473937
-0.00026120912
-0.00024221791
-0.00024646005
-0.00022302209
-0.00022759318
-0.00020432434
-0.00020515548
-0.00018015319
-0.00018997115
-0.00017460558
-0.0001787981
-0.00014800498
-0.00014341925
-0.000111920446
-0.000105676656
-0.00006829081
-0.00006051657
-0.000030234467
-0.000030598825
-0.000003205787
-0.000004983918
0.000018344528
0.000011525622
0.00003345372
0.00002828568
0.000051568968
0.000043167445
0.000056956094
0.00003704534
0.000046566794
0.000036680172
0.00006485961
0.00006431263
0.00009083631
0.000093057984
0.00012834309
0.00012633213
0.00014152487
0.00012921539
0.00015443772
0.0001499837
0.00017218059
0.00016759806
0.00019277798
0.00017630654
0.00017367247
0.0001366497
0.0001371329
0.000115279174
0.00012385153
0.00010040891
0.00010671569
0.00008327437
0.000095470394
0.00008750525
0.00011482717
0.00010862561
0.00013425051
0.00013433667
0.0001636966
0.00015899674
0.00018883908
0.00019269112
0.00022430833
0.00021246778
0.00022139287
0.00019729036
0.00020805158
0.00019031165
0.00020427021
0.00018734552
0.00020794022
0.0002040414
0.00023428215
0.00022932014
0.00025651683
0.00025779346
0.0002946442
0.00029875088
0.00033552805
0.00034041624
0.00037823443
0.0003819749
0.00041188073
0.00039438982
0.00039609915
0.00036787151
0.00038407248
0.00036563262
0.00036416278
0.00031471014
0.000301681
0.00026869704
0.000269895
0.00022157848
0.0001991899
0.00015434175
0.00015512774
0.00012371504
0.00013041098
0.00011220129
0.00013363354
0.00012004445
0.00013826556
0.000115747374
0.0001218196
0.00009506864
0.000114409995
0.000107726715
0.0001291524
0.000105230676
0.00012363252
0.00011479422
0.00012889213
0.0000908414
0.00009249771
0.00007066167
0.000078402874
0.000035753223
0.000033548826
0.00001089116
0.000027102942
-0.0000041337366
-0.0000018999895
-0.00002455433
0.0000025062043
0.0000021506332
0.00004143806
0.000034316563
0.000052234296
0.000028451026
0.00004324965
0.000018037355
0.00002444603
-0.00000953334
-0.0000142271265
-0.0000709106
-0.00009240137
-0.0001446177
-0.00015205142
-0.00019420023
-0.00019701883
-0.00023901173
-0.00023446005
-0.0002507297
-0.00021871188
-0.00023068802
-0.00020551337
-0.00021087936
-0.00016838228
-0.00016641126
-0.00013215495
-0.00014143325
-0.00010440684
-0.000101683734
-0.00006200071
-0.00006389706
-0.000026753296
-0.00004193527
-0.000031011146
-0.000067542176
-0.000059684367
-0.00008448054
-0.00005867388
-0.00006347611
-0.000026163734
-0.00004614005
-0.00003621695
-0.00005437912
-0.000008149158
-0.000011418903
-0.00000032377653
-0.000035764424
-0.0000122906395
-0.000029011595
-0.000013359843
-0.000025388139
0.000050649356
0.00010429147
0.00017674922
0.00017583581
0.00021634238
0.00023461705
0.00031972074
0.0003761629
0.00047428033
0.0004962723
0.0005369194
0.00054012245
0.0005815484
0.00052185974
0.0004633826
0.00038699363
0.00040697207
0.00039234778
0.00040959328
0.0003821956
0.0004185631
0.00041895654
0.00045400677
0.000423772
0.00044858226
0.00045863708
0.00053333153
0.00055726507
0.0006257735
0.0006612981
0.00076482183
0.00081473205
0.0008854492
0.0008844892
0.0009092708
0.0008539289
0.0008159762
0.0007156755
0.00067183166
0.0005941304
0.00057778414
0.000503488
0.00045646037
0.00035402353
0.00032583243
0.00028245721
0.0003013074
0.00025299584
0.0002510408
0.0002164288
0.0002545311
0.0002489789
0.00029611506
0.00029376725
0.00032066964
0.00025330996
0.00022565246
0.00015135793
0.00011283295
-0.000014271851
-0.000100528705
-0.00021320154
-0.00022069752
-0.00022391701
-0.000118509364
-0.0000353834
0.00008589012
0.0001067519
0.00018583634
0.0002624487
0.0003970836
0.000413737
0.00047549597
0.00052592624
0.00061558274
0.0005804603
0.0005943618
0.0005971794
0.0006497449
0.00054770533
0.00041122487
0.00018017202
-0.000011876122
-0.000262604
-0.00040520422
-0.00053026254
-0.0005198173
-0.0004874648
-0.00032463385
-0.00023130496
-0.00015413927
-0.00017888668
-0.000118780896
-0.0000952558
-0.0000427684
-0.000111208676
-0.00012097576
-0.00015883033
-0.00014883293
-0.0003031043
-0.00048098282
-0.000662298
-0.0006567575
-0.0007265822
-0.00087196706
-0.001155148
-0.0012406672
-0.0011796413
-0.000990352
-0.00095706544
-0.0009019508
-0.0008502806
-0.00069399405
-0.0006516575
-0.0005960941
-0.0006287581
-0.0005838717
-0.00059254485
-0.0005733418
-0.00074740907
-0.00094884343
-0.001190394
-0.001236489
-0.0012120099
-0.0010307928
-0.0008883653
-0.00064624107
-0.0005216671
-0.00047693698
-0.0006498649
-0.00077488844
-0.00090031966
-0.00086838845
-0.0008405143
-0.0006723004
-0.0005902906
-0.00053322484
-0.0006754919
-0.00084605557
-0.0011829372
-0.0014039523
-0.0014026804
-0.001019594
-0.00079661695
-0.0007791577
-0.0008897877
-0.0007823279
-0.0008496033
-0.0011096067
-0.0014304571
-0.0014036786
-0.0013799267
-0.0013442165
-0.0013069306
-0.0009679539
-0.0007030606
-0.00066321477
-0.0010338867
-0.0013772605
-0.0016937484
-0.0018193898
-0.0019275184
-0.0018396068
-0.0018116718
-0.0016290793
-0.0013386145
-0.00082852296
-0.0006244458
-0.00076939876
-0.0012254161
-0.0013123353
-0.0010166187
-0.00053284713
-0.00040702603
-0.00026457806
-0.00016955743
-0.00019847136
-0.00062854233
-0.0007735387
-0.00040580062
0.00019313527
0.00007351707
-0.000292169
-0.00027176258
0.00025147066
0.00014063643
-0.00054200913
-0.0010897873
-0.00069277646
-0.000031990945
0.00016173832
-0.0004418127
-0.0006953414
-0.00036690582
0.00023579616
0.0002869788
-0.000012365457
-0.00033960413
0.00005075915
0.0008085811
0.001573258
0.0017240469
0.0018577842
0.0021982156
0.0024564422
0.001156128
-0.0012053011
-0.0023617295
-0.00094621367
0.00057737087
0.00059044507
-0.00015014142
0.00046129842
0.0019490273
0.0024198801
0.00041778848
-0.0012290784
-0.00008468716
0.001626516
0.0011343692
0.00057171687
0.0008371832
0.0016902266
0.0019599227
0.0007897686
-0.0014128955
-0.0022044708
-0.000710598
0.0020118246
0.002916124
0.0017028356
-0.00060910033
-0.00058406394
0.0019153445
0.0029186276
0.00092431897
0.000125474
0.0020793984
0.003385921
0.0026587835
0.0029345553
0.0030359428
0.0027049223
0.0005604041
-0.0022887958
-0.00051013794
0.004245671
0.0036589974
0.0038124786
0.0046153115
-0.0015101688
-0.0054410305
-0.0020383047
-0.0024132354
-0.0027462903
0.0022067048
0.0014031242
-0.004452727
-0.0034718602
0.0055490686
0.0062675197
-0.008068931
-0.009018624
-0.0009344989
0.0020269607
-0.00009612107
-0.009694156
-0.0077154483
0.014137879
0.017281057
-0.0016301029
-0.005309162
0.0039079664
0.009684132
0.009024798
-0.002579707
-0.00505322
-0.0013482418
-0.0016507874
0.0055284905
0.012481157
0.0057990053
-0.0092204055
-0.0068541807
0.009127932
0.0003731874
-0.013411314
-0.0066304975
0.0060501746
0.013842194
0.002099368
-0.009639285
0.020162145
0.02901023
-0.004913542
-0.010783895
-0.00384193
0.0033801165
0.016993472
0.0069686435
-0.008329309
-0.013494833
-0.0029499002
0.015143184
0.036350694
0.0015087804
-0.03266075
0.13380343
0.26487708
0.117330134
-0.0453685
-0.007977923
0.038872767
-0.022756787
-0.057292007
-0.025245644
0.045398984
0.017262293
-0.04391744
-0.019293234
0.008158863
-0.00082043663
-0.034134004
-0.035565183
0.012211917
0.029328424
-0.012398993
-0.022551283
-0.023847999
-0.043297254
-0.016718708
0.026083456
0.036847044
-0.022696227
-0.06110948
0.0050771995
0.020955678
-0.0628224
-0.093783766
0.0034492929
0.06947436
0.0032803814
-0.03949355
-0.03234347
-0.0008770289
0.017609762
0.0024344355
-0.025962329
-0.059314005
-0.039065003
0.01683949
0.030470585
-0.043340933
-0.046934787
0.0040088035
0.005179823
-0.0041712513
-0.028889442
-0.05442765
-0.028700477
-0.013303167
-0.009269551
-0.012477662
-0.00766057
-0.0015117241
-0.013272522
-0.023942165
-0.017098706
0.0073358845
0.018030558
-0.02900482
-0.048455026
-0.017983338
0.0038255553
0.005875042
0.006664984
-0.008301489
-0.032781523
-0.026448904
-0.011377883
0.015063417
0.009112607
-0.02439069
-0.006041711
0.0108657265
-0.01075152
-0.012560156
-0.0040324465
-0.0041448427
0.0016250167
-0.00885006
-0.0011966154
0.001194006
-0.0033075814
-0.014339019
-0.024914918
-0.003214189
0.00741798
-0.0072847563
0.0011008603
0.0033712385
-0.0126435375
-0.020490343
-0.00596202
0.013564824
0.010978028
-0.0057725045
-0.008136825
-0.013509074
-0.01879843
-0.012094171
-0.0041298317
0.00004864405
-0.0019882834
-0.005353993
0.006147281
0.003935579
-0.009015942
-0.0048484714
0.0046420153
0.0011153682
-0.007226215
-0.012431744
-0.0066977446
0.004942781
-0.00072651904
-0.013162867
-0.0073976703
0.001971996
0.0008773125
-0.0045819297
-0.0037434893
0.0030476248
0.0029287294
-0.0017011497
-0.0035652963
-0.0039267065
-0.0015883368
-0.0005644117
-0.0024934683
-0.0014064532
0.0019271104
0.0027958597
0.0019266665
0.0007380879
0.00004735866
0.00076596043
0.00021736983
-0.0022413176
-0.0024759339
-0.00066148234
-0.00006697834
-0.0003152669
0.0005786376
0.00089393085
0.00080533884
0.0019158835
0.0027155257
0.002827951
0.0031172198
0.0032973676
0.004073806
0.0043151486
0.0027145473
0.001071713
0.0006926218
-0.000066436245
-0.0011538276
-0.0010560929
0.0008592374
0.0027690777
0.002733636
0.0015540407
0.0018543074
0.0035629561
0.0043896036
0.00328383
0.0023018941
0.0030978045
0.004788274
0.0048843366
0.0030251346
0.0012469378
0.0016066555
0.003084747
0.003525272
0.0025351122
0.001974234
0.0028066218
0.004273056
0.004681895
0.0039488864
0.0033238272
0.0036825484
0.004002201
0.0035928842
0.002898334
0.0028197386
0.003067804
0.0031776817
0.0031035384
0.003405847
0.0038848745
0.0041017905
0.0037030643
0.003224582
0.0029971676
0.0029910118
0.0028276732
0.0027934187
0.003104666
0.0037832572
0.0042093256
0.0041263206
0.0035835875
0.0032218818
0.003287794
0.003750257
0.0040995814
0.004258404
0.0042868746
0.004508601
0.0046601663
0.0045577786
0.004161845
0.0038836526
0.0037450963
0.0037372776
0.003680386
0.0037948622
0.0039731
0.0041682743
0.00418879
0.004180545
0.0041667474
0.0042779995
0.0042520673
0.0041097286
0.0038586243
0.0037239483
0.0035982064
0.0035595405
0.0035108367
0.0035315396
0.003465793
0.0034115799
0.003368635
0.0035281288
0.003680142
0.0037384303
0.0036183742
0.0035769609
0.003510988
0.0034375363
0.0033153167
0.003323257
0.0033040582
0.0032898604
0.0032392535
0.0033354696
0.0034742288
0.003683044
0.0038139333
0.0039535314
0.0039953645
0.004028618
0.003974316
0.003938832
0.003841588
0.0038329754
0.0038204086
0.003821071
0.00371542
0.0036755686
0.0036931513
0.0038208726
0.0038419634
0.0038334618
0.0037982408
0.0038922306
0.0039447728
0.0039114556
0.0037207631
0.0035967014
0.0034841897
0.0034181422
0.003291499
0.0032448363
0.0032360186
0.0033563038
0.0034638124
0.0035861502
0.0036194886
0.0036567105
0.0036125474
0.0035976914
0.0035507109
0.003557824
0.0035228136
0.0035320872
0.0034848214
0.003468099
0.0034298755
0.003469329
0.003470605
0.0034863893
0.0034306955
0.003419587
0.0033934372
0.0034205893
0.0033947858
0.0034238165
0.0034401508
0.0034709845
0.003374999
0.0032666347
0.0031436593
0.0031212391
0.0030838996
0.0030908906
0.0030687284
0.0030784206
0.003018424
0.0029976747
0.0029628382
0.0029763365
0.0029289178
0.0029231308
0.002908389
0.0029358827
0.0029088904
0.0029318943
0.0029280307
0.0029429258
0.002879366
0.0028355974
0.0027660562
0.0027594008
0.0027103084
0.0026683847
0.0025754732
0.0025423372
0.0024950309
0.0024939228
0.002455899
0.0024677012
0.0024750922
0.00256012
0.0026162465
0.0026890647
0.0027105908
0.0027685452
0.0027789783
0.0027985221
0.0027543255
0.0027470838
0.002721254
0.002727142
0.0026570053
0.0025949623
0.002509442
0.0024843644
0.002425452
0.002396547
0.0023474838
0.0023699445
0.0023699948
0.0023859132
0.002355267
0.002379855
0.0023934958
0.0024387739
0.0024200375
0.0024198708
0.0023902876
0.0024065217
0.0023853085
0.0023762754
0.00231201
0.0022820574
0.0022337504
0.0022406534
0.0022169568
0.0022092385
0.0021583182
0.0021603138
0.0021402354
0.0021395916
0.0021026675
0.0021219833
0.0021150562
0.0021184206
0.0020625987
0.002025051
0.0019376462
0.0018676941
0.0017641147
0.0017117634
0.001647659
0.0016265507
0.0015791119
0.0015732739
0.001536808
0.0015301091
0.0014964491
0.0015056288
0.0014830321
0.0014857574
0.001455062
0.0014608223
0.0014350154
0.001432267
0.0013874916
0.0013755544
0.001336117
0.001319279
0.0012546065
0.001213797
0.0011504766
0.0011313877
0.0010808683
0.0010526289
0.0009881373
0.00096027507
0.00091297494
0.0009025616
0.0008661101
0.0008648797
0.00082807307
0.0008089928
0.0007476998
0.00071257795
0.0006544474
0.00063973793
0.00059368956
0.00055908354
0.00048573577
0.00045716396
0.00041917147
0.00041978006
0.00039057893
0.0003949058
0.00038304902
0.00041165578
0.0004049697
0.00041902965
0.00041258012
0.0004475783
0.00044812355
0.00046466695
0.0004508268
0.00047202592
0.00045980338
0.00046081893
0.00041953096
0.00039918526
0.00034270308
0.0003084306
0.00024339814
0.00020284884
0.00012783482
0.000085319174
0.000025603815
-0.0000035303058
-0.000061740815
-0.00008057539
-0.00010685735
-0.000096146854
-0.00012084228
-0.00012014276
-0.00013425248
-0.00010523486
-0.00010125902
-0.00008131165
-0.000098753866
-0.000089358604
-0.00010515935
-0.00009219567
-0.00010707501
-0.00009905087
-0.000121123536
-0.000111048656
-0.000120701145
-0.000102871265
-0.00011522395
-0.000103448816
-0.000120073324
-0.00011039052
-0.00012919049
-0.00012488446
-0.00014418688
-0.00012592447
-0.00012913912
-0.00011197087
-0.0001253547
-0.0001093531
-0.00011546513
-0.00009527979
-0.00010143067
-0.00007659444
-0.00006957134
-0.000032839584
-0.000024413279
0.000007262084
0.000014284691
0.000047170986
0.000049407423
0.0000690045
0.000058049452
0.00007534561
0.000072365416
0.000094175724
0.000084269595
0.00009075223
0.000067198205
0.00007010537
0.000047897123
0.000046345845
0.000017576873
0.000019333533
-0.00000021468021
-0.000004878854
-0.000045502264
-0.000061086015
-0.000099751414
-0.000119896016
-0.00016908624
-0.00018761537
-0.00022181652
-0.00023149478
-0.00027327167
-0.00029623907
-0.00034073734
-0.00035540937
-0.00039130662
-0.00040283686
-0.00044156495
-0.0004616609
-0.00050624047
-0.0005211161
-0.00055676093
-0.00056913967
-0.0006021243
-0.00060662726
-0.00063501357
-0.00064312964
-0.00067473395
-0.0006779655
-0.00070123654
-0.00070418115
-0.0007374475
-0.0007510032
-0.0007865699
-0.0007981831
-0.00083602936
-0.0008544682
-0.000897143
-0.0009158806
-0.00095891446
-0.0009814369
-0.0010246609
-0.0010396361
-0.0010740116
-0.0010857172
-0.0011232096
-0.0011411849
-0.001181997
-0.0011948595
-0.0012237139
-0.0012307956
-0.0012648578
-0.0012754939
-0.0013014822
-0.0012984679
-0.0013174339
-0.00131802
-0.0013397763
-0.0013301764
-0.0013349532
-0.0013176753
-0.0013230684
-0.001303528
-0.0013050893
-0.0012883896
-0.0012974053
-0.0012862178
-0.0012971185
-0.0012861864
-0.0012985916
-0.0012932853
-0.0013133272
-0.0013125614
-0.0013305983
-0.0013256227
-0.0013449981
-0.0013443016
-0.001360106
-0.0013501039
-0.0013628736
-0.001355066
-0.0013620477
-0.0013414739
-0.0013432862
-0.0013281578
-0.0013329556
-0.0013112507
-0.0013085244
-0.0012881301
-0.0012917173
-0.0012758743
-0.0012814543
-0.0012656417
-0.001269548
-0.0012523794
-0.0012566526
-0.00124076
-0.0012451325
-0.0012292995
-0.0012325525
-0.0012120176
-0.0012107636
-0.0011907263
-0.0011930512
-0.0011762045
-0.0011791113
-0.0011602042
-0.001162728
-0.0011495267
-0.0011579307
-0.0011436731
-0.0011485808
-0.0011361579
-0.0011460428
-0.0011358238
-0.0011443446
-0.0011329076
-0.0011430288
-0.0011344498
-0.0011445271
-0.0011341891
-0.0011440533
-0.0011341725
-0.0011433787
-0.0011335302
-0.0011448882
-0.0011383719
-0.0011526459
-0.0011490067
-0.0011659216
-0.0011634799
-0.0011803748
-0.0011801703
-0.0012014994
-0.0012006614
-0.0012128158
-0.0012034858
-0.0012146633
-0.0012067236
-0.0012156712
-0.0012061821
-0.0012200543
-0.0012166469
-0.0012285184
-0.001217122
-0.0012243368
-0.0012173783
-0.0012343172
-0.0012344681
-0.001251464
-0.0012455354
-0.0012563985
-0.0012509844
-0.001265047
-0.0012564718
-0.0012639018
-0.0012567294
-0.0012721686
-0.0012689508
-0.0012834191
-0.0012816075
-0.0013003787
-0.0013004029
-0.0013160558
-0.001311783
-0.001327536
-0.001328209
-0.0013473734
-0.0013470091
-0.0013640709
-0.0013632823
-0.0013799607
-0.0013769936
-0.0013907994
-0.0013871153
-0.0014021783
-0.0013994435
-0.0014142493
-0.0014117454
-0.0014281254
-0.0014281955
-0.0014470064
-0.0014474016
-0.0014641617
-0.0014643596
-0.0014848704
-0.001489718
-0.0015113113
-0.001513153
-0.0015312929
-0.0015319241
-0.0015497304
-0.0015492787
-0.0015653865
-0.0015641275
-0.0015782763
-0.0015717986
-0.001581554
-0.0015755113
-0.0015865483
-0.0015778221
-0.0015833069
-0.0015699008
-0.0015723729
-0.0015569673
-0.0015578041
-0.0015412412
-0.0015407741
-0.001522243
-0.0015213159
-0.0015061873
-0.0015083025
-0.0014911658
-0.0014903416
-0.0014749222
-0.0014763759
-0.0014598327
-0.0014610694
-0.0014490797
-0.0014555005
-0.0014444927
-0.0014489134
-0.0014369634
-0.0014419673
-0.0014307912
-0.0014361234
-0.0014248051
-0.0014292303
-0.0014170591
-0.0014207069
-0.0014056774
-0.0014042108
-0.0013865597
-0.0013866104
-0.0013705054
-0.0013685934
-0.0013493466
-0.0013478964
-0.0013328864
-0.0013341343
-0.0013172207
-0.0013154257
-0.0013007855
-0.0013052829
-0.0012932431
-0.0012949914
-0.001281179
-0.0012858981
-0.0012769393
-0.0012832326
-0.0012717219
-0.0012751813
-0.0012640848
-0.001269618
-0.0012600847
-0.0012673605
-0.0012602089
-0.0012691093
-0.0012630547
-0.0012733081
-0.0012686774
-0.0012808011
-0.0012791987
-0.0012932642
-0.0012904003
-0.0013008376
-0.0012950369
-0.0013050699
-0.0012997873
-0.0013082129
-0.0012999686
-0.0013065836
-0.001297092
-0.0013007747
-0.001288939
-0.0012946139
-0.0012877026
-0.0012963891
-0.0012896972
-0.0012986581
-0.0012936295
-0.0013039277
-0.0013004987
-0.0013138154
-0.0013121947
-0.0013240208
-0.0013208633
-0.0013337407
-0.0013313477
-0.001341286
-0.0013351595
-0.00134337
-0.0013356264
-0.0013414221
-0.0013325805
-0.0013385362
-0.0013288544
-0.0013316862
-0.0013181213
-0.0013190402
-0.0013069342
-0.0013100693
-0.0012979881
-0.0012994655
-0.0012863894
-0.0012881466
-0.0012758744
-0.0012774521
-0.0012636172
-0.0012639104
-0.0012504517
-0.0012510933
-0.0012368659
-0.0012365801
-0.0012223936
-0.0012227308
-0.0012083221
-0.0012067974
-0.0011912988
-0.0011922185
-0.0011815528
-0.0011853973
-0.0011747141
-0.001178506
-0.001169425
-0.0011740719
-0.0011630239
-0.0011651895
-0.0011550358
-0.0011599103
-0.0011499365
-0.001152056
-0.0011401677
-0.0011432499
-0.0011328416
-0.0011348993
-0.0011219758
-0.0011229531
-0.0011122918
-0.0011174633
-0.001110084
-0.0011162176
-0.0011080175
-0.0011134889
-0.0011069764
-0.0011148304
-0.0011081634
-0.0011146928
-0.0011096352
-0.00111891
-0.0011132912
-0.0011197887
-0.0011131563
-0.0011199772
-0.0011128518
-0.001118751
-0.0011115848
-0.0011177465
-0.001110393
-0.001116293
-0.0011097132
-0.0011168267
-0.001110893
-0.0011186085
-0.0011135562
-0.0011207296
-0.0011134241
-0.001118745
-0.0011115469
-0.0011176433
-0.0011105092
-0.0011161652
-0.0011090555
-0.001114921
-0.0011069146
-0.0011105128
-0.0011010574
-0.0011051882
-0.0010969273
-0.001100738
-0.0010904664
-0.0010925747
-0.0010823554
-0.0010851979
-0.0010749256
-0.0010764978
-0.001064829
-0.0010652003
-0.0010524034
-0.001052515
-0.0010406233
-0.0010413692
-0.0010289291
-0.0010276451
-0.0010120473
-0.0010083214
-0.0009932249
-0.0009914925
-0.000976772
-0.0009735417
-0.0009578171
-0.0009550365
-0.0009399087
-0.000935807
-0.00091779965
-0.0009119273
-0.000893967
-0.00088695093
-0.00086611946
-0.0008576596
-0.00083793583
-0.0008302264
-0.0008093576
-0.0008007052
-0.0007811273
-0.00077461824
-0.0007563664
-0.0007505657
-0.00073304086
-0.00072763633
-0.00071061985
-0.0007063846
-0.00069003896
-0.00068493857
-0.0006681203
-0.0006639189
-0.00064741983
-0.00064173376
-0.000624396
-0.00062083517
-0.00060675875
-0.00060410856
-0.0005887665
-0.00058537535
-0.000571637
-0.00057085446
-0.0005586012
-0.0005579935
-0.0005456824
-0.0005453692
-0.0005341247
-0.0005349101
-0.00052343577
-0.00052273367
-0.00051039504
-0.0005099642
-0.0004982553
-0.0004983856
-0.00048739015
-0.0004886581
-0.00047951992
-0.0004822066
-0.00047277551
-0.00047466072
-0.00046614654
-0.00046974936
-0.00046174062
-0.00046464577
-0.00045625237
-0.00045941287
-0.0004509039
-0.00045290755
-0.00044328973
-0.00044519934
-0.0004361111
-0.00043805473
-0.00042865184
-0.00043081705
-0.00042250883
-0.0004257384
-0.00041740332
-0.00041941126
-0.00040998362
-0.00041188637
-0.00040337478
-0.00040619748
-0.0003974094
-0.00039912123
-0.00038998845
-0.00039189012
-0.00038182313
-0.00038173367
-0.00037132006
-0.00037269093
-0.00036270972
-0.00036300303
-0.0003527744
-0.0003536513
-0.00034279664
-0.00034169384
-0.00032996034
-0.00033024282
-0.00032066408
-0.0003215766
-0.000310963
-0.00031043548
-0.00029878394
-0.0002978204
-0.00028657398
-0.00028590814
-0.00027390453
-0.00027226668
-0.00026019156
-0.00025831006
-0.00024525973
-0.00024279386
-0.00023013259
-0.00022782115
-0.00021419993
-0.00021049572
-0.00019658967
-0.00019386687
-0.00018099396
-0.00017815674
-0.00016446308
-0.00016115635
-0.00014760277
-0.00014427936
-0.00013031904
-0.00012690065
-0.00011378483
-0.000111089044
-0.000097763645
-0.00009451814
-0.00008118667
-0.0000785669
-0.00006619093
-0.00006413445
-0.00005138359
-0.00004831824
-0.00003572851
-0.000034445955
-0.00002335755
-0.000021765141
-0.000009435348
-0.0000074452673
0.0000037339366
0.000004672263
0.000016571457
0.000019040699
0.000030893712
0.000032084634
0.000043239692
0.000044282362
0.000054632514
0.00005455638
0.00006434497
0.00006438583
0.000074465504
0.00007450115
0.000083762876
0.000082454055
0.00009066866
0.00008948759
0.00009851562
0.00009752747
0.000106268504
0.00010614203
0.000116500145
0.000116796095
0.00012633835
0.00012672432
0.0001374138
0.00013802826
0.00014752896
0.0001475552
0.00015815422
0.00015967888
0.00017053256
0.0001715077
0.00018189305
0.00018268262
0.00019317352
0.00019439554
0.00020525465
0.00020662665
0.00021754662
0.00021915353
0.00023017004
0.0002319755
0.00024367342
0.00024607626
0.00025760627
0.0002596278
0.00027114808
0.00027377717
0.0002863431
0.00028976402
0.00030209968
0.0003051392
0.00031796328
0.00032173566
0.00033442536
0.00033772612
0.00035060587
0.00035492322
0.0003689017
0.00037380686
0.00038793075
0.00039319744
0.0004076525
0.00041273911
0.00042673762
0.00043161615
0.00044549588
0.00045014918
0.00046374626
0.00046837298
0.00048209226
0.00048692804
0.00050099334
0.00050622167
0.0005200408
0.0005244392
0.0005381592
0.0005439223
0.00055887346
0.00056456134
0.000578989
0.00058475835
0.0005990263
0.0006033967
0.00061603694
0.00062033965
0.0006340677
0.000638895
0.0006514818
0.00065416505
0.00066486356
0.0006666777
0.0006774407
0.00067935034
0.0006891127
0.00068977324
0.00069973123
0.0007015215
0.00071130233
0.0007117779
0.0007209475
0.00072163885
0.00073038205
0.000729821
0.0007374243
0.0007364756
0.0007439381
0.00074220507
0.000748084
0.0007451408
0.00075074227
0.0007478655
0.00075321994
0.0007500364
0.00075544784
0.0007526133
0.0007580533
0.0007549447
0.00076022965
0.000757288
0.0007626646
0.000759535
0.0007644606
0.0007608807
0.00076566613
0.0007622876
0.000766816
0.0007624094
0.00076566427
0.000760573
0.00076385506
0.00075891474
0.0007619051
0.0007564665
0.0007590833
0.00075351365
0.0007559898
0.000750699
0.0007542398
0.0007499847
0.0007536142
0.0007491865
0.00075322716
0.00074956403
0.0007539324
0.0007501103
0.0007541239
0.0007500445
0.0007538319
0.0007496643
0.00075360114
0.00074942387
0.0007526489
0.0007478878
0.00075155724
0.00074748794
0.00075101136
0.0007469078
0.0007513006
0.000748028
0.0007522863
0.0007487214
0.0007534335
0.0007507221
0.0007557446
0.0007527974
0.0007573801
0.00075399317
0.0007581771
0.0007545732
0.0007585412
0.0007547776
0.0007591045
0.0007562765
0.00076108216
0.00075798924
0.0007626689
0.0007603697
0.0007662286
0.00076446944
0.00077006535
0.0007682548
0.0007745439
0.00077345036
0.0007791186
0.0007764347
0.00078127213
0.0007790224
0.000784213
0.0007813786
0.00078558887
0.00078255695
0.00078751566
0.0007852649
0.0007901526
0.0007874233
0.00079203234
0.00078916294
0.0007936058
0.0007908665
0.00079569564
0.0007933796
0.00079849706
0.0007961631
0.0008007731
0.00079796975
0.00080261624
0.0008003228
0.0008053932
0.000803061
0.0008078794
0.0008057202
0.00081092305
0.000808838
0.00081392995
0.00081215333
0.00081755547
0.00081530644
0.0008197117
0.0008170631
0.0008218283
0.00081959594
0.000824437
0.00082232716
0.000827127
0.00082452287
0.0008289879
0.0008268057
0.0008317328
0.00082947104
0.0008343881
0.0008329422
0.00083874847
0.00083762204
0.0008435938
0.0008427337
0.0008486319
0.0008475198
0.00085357315
0.0008533194
0.0008604842
0.00086095644
0.0008680995
0.000868391
0.0008758023
0.0008766998
0.00088451884
0.0008855712
0.0008935067
0.00089499814
0.00090365054
0.00090567296
0.0009143079
0.00091620063
0.0009248086
0.000926563
0.0009346957
0.0009358909
0.00094383076
0.0009454478
0.00095379155
0.00095512904
0.0009626909
0.0009636976
0.0009715648
0.0009728333
0.0009804717
0.0009816522
0.0009899063
0.0009918998
0.0010001129
0.0010015072
0.0010095949
0.001011529
0.0010198702
0.0010212364
0.0010287998
0.001030098
0.0010380772
0.0010394917
0.0010467753
0.0010471297
0.0010536613
0.0010538299
0.0010605312
0.0010608196
0.0010670833
0.0010668187
0.0010731805
0.0010733028
0.0010792125
0.0010784708
0.0010842093
0.0010837496
0.001089186
0.0010879827
0.0010928334
0.0010912169
0.0010955448
0.0010935348
0.001097778
0.001095844
0.0010999274
0.0010976983
0.0011015099
0.0010988773
0.0011020871
0.0010991545
0.0011024338
0.0010994818
0.0011022922
0.0010987677
0.0011011941
0.0010974186
0.0010994573
0.0010952608
0.0010971389
0.0010931137
0.0010949393
0.0010903926
0.0010915308
0.0010867048
0.0010880167
0.0010833194
0.001084278
0.0010790221
0.0010795973
0.0010742996
0.0010748975
0.0010696552
0.0010703502
0.0010649888
0.0010651432
0.0010591781
0.0010589357
0.0010529247
0.0010528802
0.001046908
0.0010462534
0.0010394847
0.0010385746
0.0010320864
0.0010313323
0.0010246431
0.0010236134
0.0010170902
0.0010165124
0.0010100155
0.001008852
0.0010021124
0.0010013124
0.0009946988
0.000993352
0.0009863329
0.0009852145
0.0009784611
0.000976923
0.00096945703
0.0009674565
0.0009597841
0.0009575988
0.00094983913
0.00094751664
0.0009394663
0.0009369965
0.00092919386
0.00092679326
0.00091869023
0.0009162097
0.0009086278
0.0009065431
0.000898583
0.0008958214
0.0008878411
0.00088559283
0.0008779056
0.00087523076
0.0008668327
0.0008637685
0.0008554027
0.0008524672
0.0008441531
0.00084105093
0.0008325802
0.00082963874
0.0008215611
0.00081867585
0.00081028946
0.00080704765
0.0007984487
0.0007950556
0.00078629464
0.000782596
0.0007736611
0.0007701908
0.00076156954
0.0007578559
0.00074868184
0.0007446626
0.00073553
0.0007315242
0.00072231464
0.0007183946
0.0007096218
0.00070611644
0.00069743406
0.00069376355
0.00068504043
0.0006814482
0.00067266455
0.00066871714
0.0006596196
0.0006557229
0.0006470041
0.000643357
0.0006345889
0.000630589
0.0006214282
0.0006173289
0.00060837285
0.0006043569
0.0005954192
0.00059178873
0.00058358884
0.00058017817
0.000571577
0.00056795444
0.0005595479
0.00055585225
0.0005471626
0.0005436439
0.0005356853
0.00053261634
0.00052439404
0.0005207503
0.00051238615
0.0005090633
0.0005010856
0.0004979547
0.00049002934
0.00048684742
0.00047906904
0.00047636512
0.00046910177
0.00046665952
0.00045978982
0.00045795308
0.00045148013
0.0004496347
0.00044323495
0.00044187563
0.00043615946
0.00043513541
0.0004293662
0.00042822602
0.00042262473
0.0004218075
0.0004164281
0.00041566254
0.00041047603
0.0004101562
0.0004054424
0.0004053313
0.00040086787
0.00040129223
0.00039749724
0.0003983814
0.0003947676
0.00039565083
0.00039216134
0.00039344802
0.00039053196
0.00039201896
0.00038886975
0.0003902239
0.00038744477
0.00038936778
0.00038688513
0.00038863954
0.0003860743
0.00038838753
0.00038676173
0.0003895385
0.00038794958
0.0003909151
0.00038968376
0.00039267843
0.00039120688
0.00039403723
0.00039263107
0.00039557237
0.00039420155
0.00039695986
0.00039525935
0.00039769968
0.00039596943
0.00039854532
0.00039677595
0.00039919486
0.00039768222
0.0004006247
0.00039932516
0.00040214503
0.00040106606
0.00040444685
0.00040359277
0.00040661698
0.00040548894
0.0004086902
0.00040780852
0.00041079996
0.00040945006
0.00041200404
0.00041033802
0.00041266216
0.00041085327
0.0004130054
0.00041103372
0.00041306284
0.00041103788
0.00041294043
0.0004108848
0.00041299264
0.00041112813
0.0004130795
0.0004109339
0.00041272736
0.00041060575
0.0004124364
0.00041018732
0.00041158218
0.00040895367
0.00041027478
0.00040760587
0.0004085423
0.0004053888
0.00040608284
0.00040297862
0.00040370564
0.00040043987
0.00040086528
0.00039748423
0.00039795006
0.0003945604
0.00039490178
0.0003914624
0.0003918254
0.0003883426
0.0003884491
0.00038466466
0.00038451084
0.00038053075
0.0003802155
0.00037611774
0.0003755009
0.00037092605
0.00037006062
0.00036575462
0.00036515476
0.00036072216
0.00035986182
0.0003554455
0.00035457427
0.00034972455
0.00034829308
0.00034343888
0.0003424404
0.00033784722
0.0003365138
0.00033126818
0.00032941456
0.00032405087
0.0003223976
0.00031724566
0.00031543357
0.00031004517
0.0003084085
0.0003033836
0.0003015206
0.00029585336
0.00029365282
0.00028805682
0.0002858107
0.00027998417
0.00027761117
0.00027196947
0.00026987385
0.00026430952
0.0002619791
0.0002562294
0.00025394763
0.00024833286
0.00024603578
0.0002403941
0.0002382515
0.00023290065
0.00023083306
0.0002253291
0.00022308568
0.00021754418
0.00021524851
0.00020955029
0.0002070112
0.00020119999
0.00019878308
0.00019322711
0.0001908527
0.00018512075
0.00018253429
0.00017676695
0.00017431821
0.0001687731
0.00016647832
0.00016104229
0.00015882083
0.00015346329
0.00015121268
0.00014587188
0.0001438367
0.00013870961
0.00013654743
0.00013121153
0.00012913643
0.00012416729
0.00012234527
0.000117439726
0.00011563974
0.000110897665
0.00010926701
0.000104623374
0.000103065606
0.00009847452
0.00009681007
0.000092209106
0.0000908361
0.00008653417
0.00008507234
0.00008066786
0.00007938202
0.00007509727
0.000073492905
0.000068813075
0.000067166766
0.000062726634
0.00006119398
0.00005672528
0.000055118497
0.000050613184
0.000048998165
0.000044527205
0.000042854335
0.00003833832
0.00003688145
0.000032831595
0.00003159026
0.000027397859
0.000026001946
0.000021957698
0.000020774944
0.000016665
0.000015142211
0.0000108702825
0.000009543758
0.000005556318
0.000004084542
-0.0000003296669
-0.0000019297174
-0.000006021733
-0.0000074061295
-0.000011706176
-0.000013491393
-0.000017852542
-0.00001926431
-0.000023177836
-0.000024511766
-0.000028548813
-0.000029931765
-0.000033970307
-0.00003549382
-0.000039672614
-0.000041203723
-0.000045262528
-0.00004673961
-0.000050877487
-0.00005255756
-0.00005682819
-0.000058532332
-0.00006272532
-0.00006435886
-0.000068553316
-0.00007025367
-0.00007441098
-0.000076053264
-0.000080245634
-0.00008196856
-0.00008604446
-0.00008762605
-0.000091886446
-0.00009398098
-0.00009859819
-0.00010076828
-0.00010544965
-0.00010783805
-0.00011264653
-0.000115143666
-0.0001202141
-0.00012297819
-0.00012805148
-0.00013077361
-0.00013595447
-0.00013876999
-0.00014376432
-0.00014638051
-0.00015132656
-0.0001539006
-0.00015875426
-0.00016141048
-0.00016642254
-0.00016908259
-0.00017386663
-0.00017629346
-0.00018100941
-0.00018361992
-0.0001885119
-0.0001910927
-0.00019581479
-0.00019835126
-0.00020315085
-0.00020572498
-0.00021034043
-0.00021265743
-0.00021717291
-0.00021961889
-0.00022417595
-0.0002264807
-0.00023090649
-0.00023332043
-0.00023793586
-0.00024034761
-0.0002446931
-0.0002469249
-0.00025138314
-0.0002538845
-0.00025839478
-0.00026070402
-0.0002650123
-0.00026729485
-0.00027148728
-0.00027333476
-0.00027695292
-0.00027857037
-0.00028224534
-0.00028378828
-0.0002870377
-0.00028818866
-0.0002914102
-0.0002926911
-0.0002957018
-0.0002965346
-0.00029929998
-0.00030032694
-0.00030337574
-0.0003044651
-0.00030734856
-0.00030821352
-0.00031087484
-0.00031164763
-0.00031420076
-0.00031463924
-0.00031677604
-0.00031718507
-0.00031947627
-0.0003197373
-0.00032161028
-0.00032163295
-0.00032342804
-0.00032332915
-0.0003249772
-0.00032488807
-0.00032655933
-0.00032640164
-0.00032796263
-0.0003278221
-0.00032944218
-0.00032933033
-0.0003309417
-0.00033078284
-0.0003321694
-0.00033170404
-0.00033285024
-0.0003323102
-0.00033342585
-0.00033286115
-0.00033396136
-0.00033345862
-0.00033459152
-0.00033401043
-0.0003349669
-0.00033433677
-0.00033541973
-0.0003350142
-0.0003361844
-0.000335677
-0.00033670003
-0.0003362026
-0.00033729736
-0.0003368085
-0.00033778534
-0.0003372127
-0.00033812164
-0.00033744235
-0.00033828762
-0.00033779073
-0.00033894012
-0.0003386331
-0.00033969578
-0.00033919065
-0.0003401874
-0.0003399012
-0.00034113316
-0.00034093065
-0.00034220642
-0.00034220621
-0.00034373338
-0.00034384188
-0.00034515868
-0.00034492087
-0.0003461092
-0.00034609938
-0.00034741175
-0.00034722
-0.00034843016
-0.0003485731
-0.00035014693
-0.00035026818
-0.00035166187
-0.00035195518
-0.00035373817
-0.00035431387
-0.00035621904
-0.0003569391
-0.00035900713
-0.00035993138
-0.00036215692
-0.00036305175
-0.00036504868
-0.00036585127
-0.00036792833
-0.00036871774
-0.00037053498
-0.0003711831
-0.00037322572
-0.0003742205
-0.00037629032
-0.00037708107
-0.00037902172
-0.00037996765
-0.00038216033
-0.0003832521
-0.00038545037
-0.00038658388
-0.00038890567
-0.00039022008
-0.00039258748
-0.00039372986
-0.000395821
-0.00039688777
-0.00039905476
-0.0004001864
-0.00040234686
-0.00040350718
-0.000405748
-0.0004070707
-0.00040944095
-0.00041078072
-0.0004130711
-0.00041445013
-0.0004168791
-0.0004183826
-0.000420835
-0.00042236716
-0.00042485888
-0.0004263636
-0.00042865615
-0.00042994777
-0.00043214165
-0.00043345932
-0.00043557468
-0.00043667835
-0.0004386509
-0.00043988763
-0.00044200564
-0.00044314913
-0.00044503072
-0.00044607947
-0.000447938
-0.00044897967
-0.00045084927
-0.0004519185
-0.00045375523
-0.0004548262
-0.00045667004
-0.00045761632
-0.000459164
-0.00046001017
-0.00046170352
-0.00046261106
-0.00046416456
-0.00046508966
-0.00046680815
-0.0004676857
-0.0004690415
-0.00046970713
-0.00047125478
-0.00047230793
-0.00047397346
-0.00047485073
-0.00047631815
-0.00047719595
-0.000478753
-0.0004796513
-0.0004810448
-0.0004817699
-0.00048314003
-0.0004839422
-0.0004851572
-0.00048561566
-0.0004866363
-0.00048720706
-0.00048830203
-0.0004886764
-0.0004894391
-0.0004896762
-0.0004904734
-0.0004907766
-0.0004915368
-0.00049175747
-0.0004924655
-0.0004927386
-0.0004934405
-0.0004935826
-0.000494172
-0.0004944412
-0.00049522734
-0.00049556
-0.0004962237
-0.0004964464
-0.000497133
-0.0004974791
-0.00049816904
-0.00049838255
-0.0004989216
-0.00049916236
-0.00049979123
-0.00050000224
-0.0005004299
-0.00050044263
-0.00050078816
-0.00050092366
-0.0005014003
-0.0005014158
-0.00050156785
-0.00050154206
-0.0005019494
-0.00050207844
-0.00050239405
-0.00050253735
-0.0005030623
-0.00050336984
-0.0005038329
-0.000504044
-0.0005044644
-0.00050470594
-0.0005051951
-0.00050558004
-0.0005061759
-0.00050662144
-0.0005072631
-0.0005077139
-0.00050818134
-0.0005084646
-0.0005089903
-0.0005095191
-0.0005101279
-0.0005105764
-0.00051123544
-0.0005120011
-0.00051287626
-0.0005135622
-0.0005142672
-0.00051498524
-0.0005158166
-0.0005166474
-0.0005175342
-0.00051843247
-0.00051941496
-0.0005204329
-0.0005214106
-0.00052232685
-0.0005232496
-0.00052431325
-0.00052536826
-0.0005264008
-0.0005274362
-0.0005287186
-0.0005300478
-0.0005313831
-0.00053253025
-0.0005337462
-0.0005349378
-0.000536299
-0.00053748133
-0.00053870113
-0.00053984317
-0.00054125075
-0.00054252887
-0.00054379273
-0.00054467405
-0.0005455934
-0.0005463362
-0.00054732163
-0.00054808194
-0.00054895313
-0.00054961455
-0.00055059296
-0.0005513519
-0.0005522001
-0.00055272446
-0.0005535579
-0.00055415987
-0.00055495993
-0.0005554123
-0.0005560887
-0.00055640657
-0.0005570071
-0.0005573158
-0.00055783684
-0.00055781496
-0.0005579661
-0.00055775384
-0.00055785617
-0.0005574739
-0.00055741845
-0.00055715744
-0.00055739353
-0.00055711257
-0.0005569803
-0.000556319
-0.0005561101
-0.000555533
-0.00055534503
-0.0005546101
-0.0005542054
-0.000553306
-0.00055284443
-0.0005517641
-0.0005508601
-0.0005492876
-0.00054826017
-0.00054675626
-0.0005456129
-0.00054380315
-0.0005425062
-0.0005407334
-0.0005395006
-0.000537672
-0.0005363412
-0.00053440407
-0.0005330297
-0.00053103734
-0.0005295608
-0.00052745646
-0.0005259928
-0.00052387634
-0.00052217057
-0.00051962666
-0.0005176666
-0.00051507563
-0.00051308086
-0.0005103016
-0.0005081314
-0.00050537
-0.000503427
-0.00050079636
-0.00049878866
-0.0004961097
-0.00049428217
-0.00049178704
-0.00049001595
-0.0004875193
-0.00048580286
-0.00048328697
-0.00048143
-0.00047872236
-0.00047675258
-0.00047395052
-0.00047193863
-0.00046907974
-0.00046690932
-0.00046382722
-0.0004616542
-0.0004587561
-0.00045667664
-0.0004536905
-0.00045167728
-0.00044900153
-0.00044729598
-0.00044462757
-0.00044283422
-0.00044024907
-0.0004386938
-0.00043628138
-0.00043480235
-0.00043233522
-0.0004307441
-0.0004282345
-0.00042680235
-0.00042439834
-0.00042285514
-0.00042033935
-0.0004190249
-0.00041688373
-0.0004157505
-0.00041357498
-0.00041248556
-0.00041045563
-0.00040955396
-0.00040764344
-0.000406777
-0.0004048872
-0.00040422546
-0.0004025462
-0.00040181086
-0.00039983788
-0.000399025
-0.00039721967
-0.00039654374
-0.0003946409
-0.0003938619
-0.00039206052
-0.00039152917
-0.00038983164
-0.00038924257
-0.00038750432
-0.00038712815
-0.00038569613
-0.00038543995
-0.00038388575
-0.00038360222
-0.00038227573
-0.0003823216
-0.00038107042
-0.00038087048
-0.0003792936
-0.0003790791
-0.0003776799
-0.00037753518
-0.00037608037
-0.00037604783
-0.00037480943
-0.0003747966
-0.0003733211
-0.00037319746
-0.0003718234
-0.00037183648
-0.0003705097
-0.0003706485
-0.00036949725
-0.00036968457
-0.0003683434
-0.00036827233
-0.0003667283
-0.0003665978
-0.0003650778
-0.0003650007
-0.00036338784
-0.00036311723
-0.00036144775
-0.0003613954
-0.00035987754
-0.00035975504
-0.00035817086
-0.00035815165
-0.00035658813
-0.0003565192
-0.00035502182
-0.00035515946
-0.00035376297
-0.0003538554
-0.00035232582
-0.00035226307
-0.00035052653
-0.00035033096
-0.00034849823
-0.00034816976
-0.00034619513
-0.00034587117
-0.0003438957
-0.0003433946
-0.0003411125
-0.0003404089
-0.0003380438
-0.0003373724
-0.00033500933
-0.00033425214
-0.00033177462
-0.0003310682
-0.0003287304
-0.0003279774
-0.00032524616
-0.0003241011
-0.00032127698
-0.0003202941
-0.0003174802
-0.0003162503
-0.0003132212
-0.0003121356
-0.0003093537
-0.00030821486
-0.000305081
-0.00030371576
-0.00030055235
-0.00029919212
-0.0002959296
-0.0002944653
-0.00029116633
-0.00028978882
-0.00028649782
-0.00028486946
-0.0002811295
-0.0002792307
-0.00027552067
-0.00027373678
-0.0002698781
-0.00026788109
-0.00026412786
-0.00026245348
-0.00025868212
-0.00025667305
-0.0002527396
-0.0002509567
-0.00024719513
-0.00024531945
-0.00024143161
-0.00023964782
-0.00023590405
-0.00023417402
-0.0002303317
-0.00022837271
-0.00022425657
-0.00022227611
-0.00021828535
-0.00021628296
-0.00021208404
-0.0002099797
-0.00020580312
-0.00020370929
-0.00019952259
-0.00019754902
-0.00019343087
-0.00019136655
-0.0001870953
-0.00018500775
-0.00018081276
-0.00017888435
-0.00017481812
-0.00017289032
-0.00016869843
-0.00016672659
-0.00016253527
-0.00016052306
-0.00015623197
-0.0001542091
-0.00015001265
-0.00014815693
-0.00014403269
-0.00014214609
-0.00013796282
-0.00013607615
-0.0001318909
-0.00013005963
-0.0001259202
-0.00012407254
-0.000119870274
-0.000118065705
-0.000113986156
-0.00011230847
-0.00010828733
-0.000106721505
-0.00010278913
-0.00010114444
-0.00009700436
-0.00009541224
-0.00009163848
-0.000090357746
-0.000086537286
-0.00008512054
-0.00008132962
-0.00008003275
-0.000076124335
-0.00007462558
-0.00007078461
-0.000069658774
-0.00006611067
-0.00006496739
-0.000061098624
-0.00005962901
-0.00005568912
-0.000054516047
-0.000050825605
-0.00004952652
-0.000045641427
-0.000044638313
-0.00004123045
-0.00004026111
-0.00003654255
-0.000035581434
-0.000032168507
-0.000031404044
-0.000027951655
-0.000027180535
-0.000023866534
-0.000023359029
-0.000020182553
-0.000019576488
-0.000016247961
-0.000015760555
-0.000012705328
-0.000012380272
-0.000009273862
-0.0000089881305
-0.000006143532
-0.000006141538
-0.0000033387269
-0.000003279223
-0.0000004908891
-0.0000005937427
0.0000020295347
0.0000018256272
0.0000044245335
0.0000041080207
0.000006482246
0.0000059629056
0.000008377842
0.000008066705
0.000010624556
0.000010143195
0.000012414793
0.000011764174
0.000014020175
0.000013347982
0.000015568869
0.000014853804
0.00001700754
0.000016124719
0.000018194261
0.000017326973
0.00001937314
0.000018321516
0.000020185278
0.000019036503
0.000020903744
0.000019807781
0.000021815586
0.000020838552
0.000022838012
0.000021659973
0.00002355616
0.000022531536
0.000024557672
0.000023274682
0.000025028761
0.000023830444
0.000025755933
0.000024441435
0.000026262058
0.000025045767
0.00002696589
0.000025616155
0.000027374219
0.000025995325
0.000027854052
0.000026637856
0.000028750848
0.00002765203
0.000029675199
0.000028449886
0.000030435667
0.000028981392
0.000030561878
0.000028925151
0.00003072267
0.000029225812
0.000030766823
0.000028781851
0.0000301205
0.000028279885
0.000029774068
0.000027807697
0.000029146262
0.000027403375
0.000029344748
0.000027965592
0.000029787006
0.000028148093
0.000030058665
0.000028694274
0.000030568426
0.000028683118
0.000030067407
0.000028101045
0.000029650862
0.000027711014
0.000029197523
0.000027170334
0.000028557577
0.000026402922
0.000027691145
0.00002540477
0.0000267044
0.000024676274
0.000026278794
0.000024244915
0.00002560881
0.00002335106
0.000024721958
0.000022489974
0.000023655666
0.000021048274
0.000022016045
0.000019354957
0.000020206373
0.000017346163
0.000018244265
0.000015663674
0.000016813818
0.000014305804
0.000015516343
0.0000130624885
0.000014351508
0.00001220889
0.000014127558
0.000012373099
0.000014246048
0.000012459623
0.000014614371
0.000012934944
0.000014729201
0.000012619111
0.000014328138
0.00001222351
0.00001392816
0.000011915728
0.00001380797
0.000011816372
0.000013547098
0.000011353063
0.000013091662
0.000011194905
0.0000134201055
0.0000118794005
0.000014273588
0.000012827308
0.000015458254
0.000014320019
0.000017094299
0.000015780595
0.000018404984
0.000017185925
0.000019994264
0.000018835068
0.000021713917
0.000020678213
0.000023744497
0.000022805149
0.000025800377
0.000024760993
0.000027999735
0.00002749565
0.00003116526
0.000030731586
0.000034507873
0.000034460358
0.00003858757
0.00003840466
0.000042226937
0.000042106556
0.00004629651
0.00004625677
0.00005017331
0.00004988588
0.000053946864
0.000053908934
0.000057903115
0.000057480655
0.00006126321
0.000061098304
0.000065483946
0.000065796856
0.00007033773
0.00007049836
0.000074958145
0.000075368625
0.00008014221
0.000080412836
0.00008491411
0.000085360276
0.000090258516
0.00009060211
0.00009509481
0.00009525995
0.0000998093
0.00009992826
0.00010439432
0.00010442149
0.000108723725
0.000108505774
0.000112707254
0.00011253826
0.00011676653
0.000116507865
0.000120851524
0.000120847966
0.00012516405
0.00012478032
0.00012892445
0.00012877425
0.0001332191
0.0001330293
0.00013724566
0.00013688383
0.0001410617
0.00014056389
0.00014446225
0.00014374805
0.00014778615
0.00014743954
0.00015169513
0.00015110018
0.00015502004
0.00015440861
0.00015857311
0.00015807389
0.00016214343
0.0001614671
0.00016538288
0.00016452897
0.000168415
0.00016760544
0.0001714581
0.00017049375
0.00017413242
0.00017278682
0.00017612086
0.00017490174
0.00017866881
0.00017755029
0.00018099883
0.00017953762
0.00018297773
0.0001816236
0.00018490286
0.00018307981
0.00018618777
0.00018463242
0.0001878585
0.00018596706
0.00018898911
0.00018722328
0.00019028007
0.00018817357
0.00019099755
0.00018911147
0.00019236542
0.0001907183
0.0001941029
0.00019250641
0.00019588649
0.00019436775
0.00019805561
0.00019669761
0.00020024956
0.00019887752
0.00020277526
0.00020152504
0.00020505644
0.00020345197
0.00020724423
0.00020608642
0.00020984013
0.0002082098
0.0002116996
0.00021028283
0.00021425897
0.00021315186
0.0002171625
0.00021585487
0.0002197473
0.00021861693
0.00022276492
0.00022147242
0.0002252485
0.00022392425
0.00022810782
0.00022717597
0.00023158485
0.00023072382
0.00023523133
0.00023457885
0.0002392078
0.00023822175
0.00024249547
0.00024175413
0.00024668014
0.0002462562
0.00025112822
0.00025067804
0.00025577095
0.0002554125
0.0002602631
0.00025958323
0.00026443132
0.0002639693
0.0002690072
0.00026856
0.00027365686
0.0002734262
0.00027881732
0.000278597
0.00028361374
0.00028288751
0.00028773936
0.0002873343
0.00029269047
0.0002923088
0.0002972982
0.0002967109
0.00030170946
0.0003007159
0.0003049397
0.000303631
0.0003082485
0.00030718066
0.00031167408
0.0003105996
0.00031526206
0.00031392463
0.00031790521
0.00031611955
0.00032032008
0.0003189933
0.0003233741
0.00032185364
0.00032598776
0.00032427887
0.00032846435
0.00032706678
0.0003314623
0.00032976898
0.0003338201
0.0003321071
0.000336134
0.00033415065
0.00033813436
0.00033638303
0.00034045597
0.0003383694
0.00034205394
0.0003399102
0.00034391714
0.00034213945
0.00034635505
0.00034459517
0.00034892277
0.00034741286
0.0003519124
0.000350254
0.00035458495
0.00035301666
0.00035749207
0.0003557595
0.00035996034
0.00035802062
0.00036220605
0.00036037242
0.00036461625
0.00036247433
0.0003661963
0.00036395603
0.00036827597
0.00036651542
0.00037060375
0.00036818298
0.0003720555
0.00037007694
0.00037432316
0.0003718751
0.00037534552
0.00037273797
0.00037657854
0.000374069
0.00037781143
0.00037542635
0.00037950394
0.0003773266
0.0003814741
0.0003792357
0.00038341153
0.0003815443
0.0003864587
0.00038519182
0.00039014485
0.00038854562
0.0003936005
0.00039240025
0.00039729456
0.00039537897
0.00040005907
0.0003985044
0.00040316329
0.00040090035
0.00040516732
0.00040320546
0.00040776745
0.00040551528
0.0004097074
0.000407541
0.0004121831
0.00041045633
0.000415406
0.0004135616
0.0004180921
0.00041592956
0.00042043277
0.00041821206
0.0004225112
0.00042008766
0.00042416478
0.00042123723
0.0004249057
0.0004219261
0.00042569227
0.00042265307
0.00042622336
0.00042284123
0.00042621372
0.0004230335
0.00042673817
0.00042345817
0.00042689496
0.00042360858
0.000427229
0.00042386152
0.00042709935
0.00042325977
0.0004262863
0.00042239184
0.00042523642
0.00042104482
0.00042373166
0.00041930354
0.00042164046
0.00041694468
0.0004192631
0.00041459518
0.0004168741
0.000412107
0.00041425996
0.00040909345
0.00041073916
0.00040539104
0.00040720144
0.00040146153
0.00040202079
0.00039510368
0.00039532434
0.00038826952
0.0003880058
0.000380571
0.00038073314
0.0003738629
0.00037374228
0.00036593844
0.00036533363
0.00035797543
0.00035840235
0.00035188848
0.00035250952
0.00034532475
0.000345112
0.00033779503
0.00033773668
0.00032962515
0.0003283274
0.00032006053
0.00031963887
0.00031175412
0.00031099864
0.0003029188
0.0003024423
0.00029455792
0.00029387148
0.00028555686
0.00028496335
0.00027748698
0.00027781245
0.00027064676
0.00027096298
0.00026390704
0.00026450673
0.0002574096
0.00025757228
0.00025008773
0.0002502559
0.00024289617
0.00024315763
0.00023589202
0.00023639937
0.00022943711
0.00023024976
0.00022333134
0.00022394855
0.0002170847
0.00021850188
0.00021286597
0.00021527494
0.00020992132
0.00021236148
0.00020727671
0.00021019587
0.0002054347
0.00020854876
0.00020401519
0.00020722907
0.00020236937
0.00020544723
0.00020098088
0.0002044212
0.00019969871
0.00020265566
0.00019770542
0.00020079291
0.00019614343
0.00019973546
0.00019571971
0.00019986456
0.00019605727
0.00020059782
0.00019778588
0.0002031625
0.0002000679
0.000204942
0.00020211194
0.00020728646
0.00020400425
0.0002089006
0.00020610626
0.00021151095
0.00020841148
0.00021324353
0.00021003568
0.00021518028
0.00021234919
0.00021803007
0.0002157208
0.00022172298
0.00021961973
0.00022588535
0.00022360812
0.00022921192
0.0002266206
0.00023270522
0.00023049262
0.00023613274
0.00023292542
0.0002380606
0.00023499852
0.00024011447
0.00023617699
0.00024025029
0.00023636979
0.00024153905
0.00023808212
0.00024247877
0.00023826536
0.00024313308
0.0002400775
0.0002453851
0.00024153088
0.000245948
0.00024204433
0.00024684795
0.00024296738
0.00024761213
0.00024350658
0.0002477157
0.00024300153
0.00024667563
0.00024137786
0.00024474642
0.00023973154
0.00024353265
0.0002383184
0.00024136549
0.0002354926
0.00023866851
0.00023327244
0.0002364657
0.00023068726
0.00023384883
0.0002281971
0.00023103801
0.00022488067
0.00022804878
0.00022281513
0.000226502
0.00022110608
0.00022462959
0.0002191754
0.00022248701
0.00021706262
0.00022109992
0.00021601147
0.0002194439
0.00021394998
0.00021807518
0.00021317373
0.0002167589
0.00021112438
0.0002148261
0.00020944657
0.00021322435
0.00020817299
0.00021249196
0.00020739193
0.00021087038
0.00020468577
0.00020774978
0.00020203805
0.0002058208
0.00020024338
0.0002037388
0.00019789641
0.00020145226
0.00019585322
0.00017457423
0.00016867368
0.00017208268
0.000166338
0.00017003846
0.00016437747
0.00014480404
0.00013943698
0.00014361594
0.00013817317
0.000116016185
0.00010994273
0.000113790535
0.00010871706
0.000113075665
0.00010733142
0.000110965186
0.00010525375
0.000108911496
0.0001020829
0.00010431675
0.00009734242
0.00010044719
0.000093581795
0.00009577807
0.00008820354
0.000090764544
0.00008363862
0.00008556602
0.00007702293
0.00007809427
0.00007023406
0.00007276295
0.000066177585
0.00006863837
0.000061300845
0.00006303317
0.000055927318
0.000033573462
0.000025996525
0.000027476353
-0.00000482064
-0.0000019004478
-0.000008385213
-0.0000065372305
-0.000013716811
-0.000011728332
-0.000019150402
-0.000017998129
-0.00002559808
-0.000023914778
-0.00003145343
-0.000029222481
-0.00003667201
-0.000033814995
-0.00004109123
-0.000038027974
-0.000044938377
-0.00004226397
-0.000050653813
-0.00004808601
-0.00005694416
-0.00005297264
-0.00006106532
-0.00005671106
-0.00006486876
-0.00006015863
-0.00006674507
-0.000063158375
-0.00006939949
-0.00006442753
-0.00006813899
-0.00006155495
-0.00006425227
-0.000059537295
-0.000064277956
-0.000057185905
-0.00006462092
-0.000054193068
-0.0000624552
-0.000052520914
-0.000061747385
-0.000051407947
-0.000057359684
-0.00005068425
-0.00005435849
-0.000047811765
-0.00005147789
-0.00004824728
-0.00004847263
-0.000044945034
-0.000045612487
-0.000042248274
-0.00003950169
-0.000035138804
-0.000037274553
-0.000056286528
-0.000052982636
-0.000049548828
-0.0000500023
-0.000046094447
-0.000046175206
-0.00004522404
-0.0000428521
-0.00004110673
-0.000037059708
-0.000035900663
-0.000033127024
-0.000032911714
-0.000032569355
-0.00003122284
-0.00003052142
-0.000029294672
-0.000026644917
-0.000026652117
-0.000023159555
-0.000024881872
-0.000021854356
-0.000024008654
-0.000019273972
-0.000021099902
-0.000014292074
-0.000015750022
-0.000010901704
-0.000013964949
-0.000009835206
-0.0000135709715
-0.000009584902
-0.000012519834
-0.000009637788
-0.0000123136415
-0.000009808619
-0.00001228023
-0.000008495775
-0.0000102047525
-0.0000072108423
-0.000009575685
-0.000007427592
-0.000009743539
-0.000006590147
-0.000009447275
-0.000005626148
-0.000008578591
-0.000004612816
-0.0000073205238
-0.0000043142795
-0.0000075071157
-0.0000048057186
-0.000006608095
-0.000005231642
-0.000006007196
-0.000004836184
-0.0000066368516
-0.00000451905
-0.000006078313
-0.0000053599965
-0.0000060012076
-0.000004525292
-0.0000056187296
-0.0000040760315
-0.000005680266
-0.000004556862
-0.0000051444786
-0.000004507854
-0.000005206738
-0.0000041937633
-0.0000048226
-0.0000042332513
-0.0000047067833
-0.0000037937823
-0.000004257878
-0.0000026954533
-0.000003629234
-0.0000018970543
-0.0000031381362
-0.000001638205
-0.0000031853906
-0.0000017795812
-0.0000034036852
-0.0000017303466
-0.0000033592237
-0.0000018615949
-0.0000029710545
-0.0000021688832
-0.00000287589
-0.0000014751645
-0.0000013080582
-0.0000011951997
-0.0000010791878
-0.0000009719852
-0.000001199795
-0.0000010811792
-0.000001101964
-0.0000009478831
-0.0000009596017
-0.0000009742521
-0.0000009834267
-0.0000010463573
-0.0000006724597
-0.0000007404067
-0.0000003596682
-0.00000040089768
-0.00000040343983
