0.000025434243
0.000025307741
0.00002518429
0.000025063844
0.00002494636
0.000048762602
0.000048547707
0.000048338217
0.000048134032
0.000047935067
0.000047741236
0.00004755246
0.00007356521
0.0000732728
0.000072987845
0.000072710274
0.00007243995
0.00007217678
0.000071920666
0.00007167154
0.00007142929
0.00007119386
0.000070965194
0.00007074322
0.00007052787
0.00007031912
0.000070116905
0.000069921196
0.00006973195
0.00006959362
0.00006936226
0.00006922433
0.000069049434
0.00006872843
0.0000687645
0.00006840251
0.00006845704
0.000068155925
0.00006822725
0.00009294546
0.00009294471
0.000092581235
0.00009258935
0.00009230325
0.00011773922
0.00011763448
0.0001171114
0.00011783722
0.000116935014
0.000117083335
0.000116281786
0.00011640858
0.000115518946
0.00011573219
0.00011519547
0.000115410876
0.00011478246
0.00011502895
0.00011429201
0.000114584334
0.00011410852
0.000113909235
0.00011358094
0.00011398567
0.00011310211
0.0001139108
0.000113291186
0.000112649126
0.00011320269
0.00011181327
0.00011213981
0.00011155417
0.000110544985
0.000108594315
0.0001095881
0.00010709415
0.00010814958
0.00010767819
0.00010966304
0.000107104875
0.00010726751
0.000110221175
0.00010793683
0.00010856843
0.00010935896
0.00010874141
0.00011248556
0.000112379144
0.00011318639
0.00011512354
0.00011784089
0.000120964745
0.000121906174
0.00012380417
0.00012396064
0.00012738431
0.00012610336
0.0001294731
0.00013102737
0.00015688816
0.00015851915
0.00016191957
0.00016143502
0.00016469863
0.00016349765
0.00016640188
0.00016771193
0.00017088183
0.00016875016
0.00017366327
0.00017540158
0.00017829605
0.0001821413
0.00018582866
0.00018874601
0.00019270736
0.00019448069
0.0001983269
0.0002003082
0.00020271617
0.00020171807
0.00020451903
0.00020028121
0.00020276806
0.00019843377
0.00020051436
0.00019769874
0.0001992041
0.00019853131
0.0002017245
0.00020205321
0.0002052429
0.00020571046
0.00020646746
0.00020441021
0.00020456698
0.00020395355
0.00020266892
0.0002018244
0.00020031196
0.00019948834
0.00019692064
0.00019524308
0.00019367486
0.00019292269
0.00019074499
0.0001888818
0.0001874534
0.00018580198
0.00018410076
0.00018195857
0.00018092798
0.0001781083
0.00017590221
0.00017183178
0.0001698338
0.00016434536
0.00016085336
0.00015589329
0.00015247843
0.00014847424
0.00014495026
0.0001407638
0.00013625082
0.00013103685
0.0001256796
0.00012087853
0.00011636925
0.00011213247
0.0001075561
0.000104016275
0.00010108986
0.0000992769
0.00009498094
0.00008996269
0.00008500592
0.00008157318
0.000077943725
0.00007505632
0.00007213445
0.000069596645
0.00006752329
0.00006488125
0.000062838735
0.00005996711
0.0000583728
0.00005630439
0.00005660749
0.00005536732
0.000055606437
0.00005499294
0.000055028508
0.000054135326
0.00005403932
0.0000530609
0.000052850788
0.000052194577
0.000052592775
0.000052328072
0.00005266445
0.00005189225
0.00005164882
0.000050896135
0.000052001305
0.0000523287
0.00005386382
0.000054736465
0.00005671582
0.000059417813
0.00006368812
0.00006716364
0.000071329196
0.00007507453
0.000080307436
0.000085059815
0.00009105212
0.00009674157
0.000103128186
0.00010818882
0.00011405057
0.0001194086
0.00012557494
0.00013086983
0.00013777598
0.00014499483
0.00015372058
0.00016184153
0.00017067774
0.00017845721
0.00018694442
0.00019384388
0.00020052983
0.00020606331
0.00021249102
0.00021762273
0.00022294043
0.00022702174
0.00023172655
0.00023492263
0.00023830851
0.00024099629
0.0002446761
0.00024688532
0.0002495522
0.00025181216
0.00025526944
0.00025749332
0.0002604387
0.00026276006
0.0002656775
0.0002666189
0.00026729633
0.00026664304
0.0002663463
0.00026375824
0.00026081744
0.00025701482
0.0002542627
0.00024956375
0.000243885
0.00023625235
0.00022959385
0.00022229037
0.00021614811
0.00020966848
0.00020479145
0.00019995378
0.00019705281
0.00019374928
0.00019104283
0.00018687411
0.00018332805
0.0001784891
0.00017382168
0.00016738479
0.00016060582
0.00015205334
0.00014485448
0.0001372042
0.00012988648
0.00012100676
0.00011297911
0.000104277184
0.000096866104
0.00008903068
0.00008301192
0.0000770278
0.00007301079
0.00006949467
0.00006779794
0.00006476973
0.00006185474
0.000057951624
0.000055614048
0.000052803243
0.000050812367
0.000047405203
0.00004499912
0.000042155447
0.000039880037
0.00003542099
0.00003121619
0.000026052692
0.000022048014
0.000017772521
0.000015872605
0.0000141767105
0.000013247743
0.0000109920675
0.000010528415
0.000009960498
0.000010025691
0.000008461105
0.000008097282
0.000007695138
0.0000087749495
0.000008793125
0.000009695757
0.0000091989305
0.000008671704
0.000006123411
0.000004561275
0.0000026866908
0.0000015995262
-0.00000091953467
-0.0000019194392
-0.0000039963193
-0.0000065884674
-0.000010990736
-0.000013670496
-0.000016377673
-0.000017977078
-0.000021186728
-0.000023761933
-0.000027856611
-0.000032180826
-0.00003894482
-0.000045682365
-0.000053635173
-0.000060266804
-0.00006788711
-0.00007469157
-0.00008215929
-0.00008824779
-0.000096525924
-0.00010564229
-0.000116329575
-0.0001256336
-0.00013586442
-0.00014484701
-0.00015422048
-0.00016173215
-0.00016974761
-0.0001764911
-0.00018452478
-0.00019248507
-0.00020225301
-0.00021031652
-0.00021791822
-0.00022315387
-0.00022882165
-0.0002333387
-0.00023840104
-0.00024167736
-0.0002463119
-0.00025119915
-0.00025783095
-0.00026235968
-0.0002665512
-0.00026859195
-0.0002704791
-0.00027075113
-0.0002725802
-0.00027330118
-0.00027445966
-0.00027435602
-0.00027575655
-0.000276193
-0.0002761987
-0.00027303759
-0.000270994
-0.0002691062
-0.00026816153
-0.00026435754
-0.00026032922
-0.0002551771
-0.00025111777
-0.00024538412
-0.00024085325
-0.00023569472
-0.00023118236
-0.00022478164
-0.00021998504
-0.00021424567
-0.00020764797
-0.00019798311
-0.00018931927
-0.000179649
-0.00017004943
-0.00015757165
-0.00014487973
-0.00013036317
-0.00011709601
-0.000103803766
-0.000093110924
-0.00008209012
-0.000072787145
-0.00006290173
-0.000055261065
-0.00004846628
-0.000044206663
-0.000038594815
-0.000033954562
-0.000029183215
-0.000026037476
-0.00001980725
-0.000012695548
-0.0000041564763
0.0000030074757
0.000011487538
0.00001839168
0.000025133771
0.00002830921
0.00003072742
0.000031324504
0.00003203151
0.000029508106
0.000026431797
0.00002083018
0.000015126903
0.0000067738215
-0.0000013627849
-0.0000109571365
-0.00002023526
-0.00003249356
-0.000044459328
-0.000057391633
-0.00006870915
-0.000080988175
-0.00009140049
-0.00010332339
-0.0001159065
-0.0001319285
-0.00014815616
-0.00016640437
-0.00018467716
-0.00020613357
-0.0002268023
-0.00024707287
-0.00026478604
-0.0002838903
-0.00030165198
-0.0003194542
-0.0003350029
-0.0003517726
-0.00036604897
-0.00037949288
-0.00039099154
-0.00040292737
-0.00041042716
-0.00041673513
-0.00042369997
-0.00043592264
-0.00044833223
-0.00046191143
-0.0004749797
-0.0004901906
-0.0005041136
-0.00051835936
-0.0005294251
-0.00054130174
-0.00055338745
-0.0005686539
-0.00058394036
-0.00060079957
-0.0006152051
-0.00062952546
-0.00064123695
-0.0006531021
-0.00066190667
-0.0006696973
-0.00067574077
-0.0006851756
-0.0006943099
-0.00070259406
-0.00070620177
-0.00070936175
-0.0007103718
-0.00071200455
-0.0007112562
-0.0007109897
-0.0007088997
-0.0007069834
-0.00070155796
-0.0006960168
-0.0006873559
-0.0006763165
-0.00066010345
-0.00064496585
-0.000631298
-0.00062079605
-0.0006081763
-0.000597365
-0.00058745337
-0.00058060704
-0.00057242776
-0.00056548096
-0.0005578339
-0.00055286655
-0.000547104
-0.0005427105
-0.00053634704
-0.00053034327
-0.00052065594
-0.0005100608
-0.00049852143
-0.0004900573
-0.0004800445
-0.00047233322
-0.00046528553
-0.00045863213
-0.00044681298
-0.0004348117
-0.0004225604
-0.00041346258
-0.00040406594
-0.00039928494
-0.00039693317
-0.0003967686
-0.0003940893
-0.00039342802
-0.00039198194
-0.00039072096
-0.00038637655
-0.00038380688
-0.0003807345
-0.000379897
-0.00037744245
-0.00037558147
-0.00037115352
-0.00036673684
-0.0003586876
-0.00035161414
-0.00034383454
-0.00033757597
-0.00032868204
-0.00032177076
-0.0003170197
-0.00031749666
-0.0003163823
-0.00031488677
-0.00031070661
-0.00030787833
-0.00030293496
-0.00029779173
-0.00028951658
-0.0002836425
-0.00027842692
-0.00027632053
-0.0002722232
-0.00026877673
-0.00026262962
-0.00025820642
-0.00025642008
-0.00026106503
-0.0002636697
-0.00026611393
-0.00026918325
-0.00027729946
-0.00028394847
-0.00028895744
-0.00028953303
-0.00029213273
-0.00029265354
-0.00029137806
-0.00028477507
-0.00027905192
-0.00027353043
-0.00027139293
-0.000268482
-0.00026877353
-0.00026794456
-0.00026636958
-0.00026129858
-0.00026061255
-0.00025957907
-0.0002548527
-0.00024301899
-0.00023330835
-0.000223206
-0.0002133157
-0.00019956606
-0.00018723114
-0.0001731566
-0.00016141987
-0.00015171037
-0.00014846445
-0.00014475116
-0.00014334031
-0.00014360143
-0.00015048991
-0.00015925636
-0.00017144409
-0.00018340156
-0.0001994686
-0.00021498006
-0.00023128321
-0.00024352278
-0.00025654212
-0.00026602394
-0.0002728915
-0.00027428742
-0.0002755135
-0.00027133393
-0.0002659755
-0.00025844263
-0.0002532791
-0.0002471543
-0.00024281975
-0.00023546362
-0.00023029515
-0.00022377154
-0.00021800703
-0.00020867011
-0.00020216197
-0.0001979836
-0.00019827568
-0.00019394085
-0.00018717299
-0.0001745896
-0.00015762266
-0.00013117398
-0.00010518202
-0.000081523314
-0.000062617575
-0.000043447002
-0.000029957659
-0.000019082143
-0.000012837207
-0.0000036112704
0.000006634992
0.000020583537
0.00003139618
0.0000400569
0.00004022115
0.000036317426
0.000027907494
0.000025387795
0.000026275287
0.000030685198
0.00003738047
0.00005744541
0.00008196669
0.00010109758
0.00010854135
0.00012004054
0.00013535348
0.00015239361
0.00016514787
0.00017980284
0.0001907885
0.0001990139
0.00019653131
0.00018687324
0.00016733646
0.00014376215
0.000118832875
0.000104212966
0.00009352707
0.0000858657
0.0000772946
0.00007642181
0.00008021077
0.000088552304
0.00009449927
0.00010561827
0.00011976531
0.00013973494
0.00015758154
0.00017439135
0.00018195453
0.0001866956
0.00018997549
0.00019557844
0.00019446287
0.00019031654
0.0001814399
0.00017834379
0.00018140824
0.00019263884
0.00020095205
0.00020951328
0.00021868132
0.00023655959
0.00025602503
0.00028280035
0.0003136735
0.00034625694
0.0003693981
0.00039015143
0.0004059355
0.00041720338
0.00041759183
0.00041732512
0.00041287715
0.00040450663
0.00038491478
0.00035892185
0.00032575653
0.00029560277
0.00026024136
0.00022454401
0.00019337465
0.00017532674
0.0001590486
0.00014617958
0.00013392745
0.00012804207
0.00011786487
0.00010827115
0.00010305295
0.00010621332
0.00010335439
0.000101911064
0.000107705404
0.00012481019
0.00013676025
0.00014730029
0.00015511576
0.00016195685
0.00015445825
0.00013813114
0.00011863148
0.000105706335
0.00008507007
0.00006207239
0.000045187593
0.00004302907
0.000036936643
0.000022970724
0.000003774631
-0.0000026769126
-0.0000018150308
0.000008099873
0.00001837177
0.000029047198
0.00003331253
0.00004018288
0.00004031531
0.000031238975
0.000007360648
-0.000017844271
-0.000047145244
-0.00007429959
-0.00010404042
-0.0001357197
-0.0001703192
-0.00018508107
-0.0001869403
-0.00018726295
-0.00019795533
-0.00020683515
-0.0002133574
-0.00021065332
-0.00020818497
-0.00019856043
-0.00018728261
-0.00016740792
-0.00014218516
-0.00011309992
-0.000099723315
-0.000097037744
-0.000098642115
-0.000090103684
-0.00008336195
-0.00008206906
-0.00009396924
-0.00009723678
-0.0000850275
-0.00006250388
-0.00005089359
-0.000038352347
-0.000025684196
-0.0000103005
0.0000014861561
0.000021889935
0.0000396819
0.00004443359
0.000029325467
0.000020604586
0.000015110202
0.000005900993
-0.000012876154
-0.000016770091
-0.000001340753
0.00003371045
0.000072638395
0.00012468551
0.00017910772
0.00022697098
0.00025490884
0.0002931365
0.00035340805
0.00042523694
0.0004881352
0.00055553386
0.00059982185
0.0005951066
0.0005429326
0.00048634174
0.0004398288
0.0004085199
0.00037831877
0.00036541422
0.00036653288
0.00038006253
0.00038732227
0.00038892814
0.00038319494
0.0003916745
0.0004118442
0.000451409
0.0005136315
0.0006107704
0.000707543
0.0007849328
0.00083750463
0.000871457
0.0008648667
0.0008293718
0.00077556795
0.0007321714
0.0007009923
0.0006877504
0.0006700653
0.000631626
0.00054867275
0.00044260276
0.0003289466
0.00023391606
0.00015566449
0.00010338062
0.00008825231
0.00013506296
0.0002071392
0.00026611765
0.0002930819
0.00031667727
0.00032685505
0.0003257479
0.00030706142
0.00026406045
0.00017674816
0.00008160065
-0.000005014489
-0.0000741067
-0.0001425358
-0.00019409072
-0.00019967383
-0.00013787813
-0.000071955736
-0.0000267487
0.000023993523
0.00013337415
0.00027173827
0.00039941096
0.0005011409
0.00060624856
0.00068980403
0.00074289896
0.0007714027
0.00078842416
0.000741696
0.0006389263
0.00052525324
0.00040255213
0.00020117429
-0.00005885973
-0.00031108368
-0.0004832011
-0.00057612493
-0.00059700955
-0.00057412987
-0.00051112066
-0.0004292032
-0.00031502623
-0.00019030368
-0.000059886268
0.000036109588
0.000057042173
-0.00001313137
-0.00010212005
-0.00018372622
-0.00026506375
-0.00035234183
-0.000394113
-0.00042855655
-0.0005230557
-0.00072275323
-0.0009653521
-0.0011612275
-0.001244469
-0.0012790002
-0.0012649947
-0.0011400622
-0.0008891362
-0.00063137856
-0.0004718818
-0.00046977028
-0.00056041405
-0.00066296203
-0.00070136087
-0.00070084765
-0.0007324848
-0.00086153485
-0.0010200702
-0.0011355903
-0.0011548508
-0.0010834922
-0.00089830323
-0.00068929855
-0.0005756386
-0.0006350245
-0.0008133487
-0.000998514
-0.0010568121
-0.0009953647
-0.00084191
-0.00064508076
-0.00047748204
-0.0004488505
-0.00054855336
-0.0007396125
-0.0009501316
-0.001124688
-0.0011514969
-0.0011041075
-0.0011657495
-0.001301104
-0.0011878146
-0.00085058017
-0.0006860895
-0.00087450264
-0.0011051246
-0.0011966889
-0.001253657
-0.001379105
-0.0014134806
-0.0012049396
-0.0008410127
-0.00067735085
-0.0007921525
-0.0010535241
-0.0014141399
-0.0018917735
-0.0022687442
-0.002368728
-0.0021308134
-0.0016275028
-0.00095912477
-0.00036740646
-0.0001604362
-0.0005577996
-0.0013176046
-0.0018496732
-0.0017164141
-0.0011334959
-0.0005440725
-0.0002902683
-0.00028397847
-0.00025304523
-0.0001485555
-0.00015296329
-0.0001673273
-0.00015691655
-0.00021427292
-0.00018579607
0.00021536632
0.0005580501
0.00018308742
-0.00073753734
-0.0013112704
-0.0011908271
-0.00069591525
-0.00035794603
-0.00021707825
-0.00013297061
-0.00020025922
-0.00042686012
-0.00019624247
0.000575078
0.0009847307
0.00070923247
0.00072407996
0.0011231692
0.0010574326
0.00068456744
0.00087444205
0.0015419065
0.00170205
0.00049811316
-0.0010988136
-0.0011599278
0.00022566812
0.0005978413
-0.00036819562
-0.00051489734
0.0006001969
0.0011195253
0.00034303806
-0.000034612873
0.0009771462
0.0015228239
0.00061360165
-0.00028304747
0.0003927096
0.0018150689
0.0020520468
0.001328826
0.0009821753
0.000007920926
-0.0014592332
-0.0012360562
0.00040802307
0.00126732
0.0011695143
0.0012090228
0.0011584414
0.0008459513
0.00087019603
0.001994523
0.0043208245
0.0047828257
0.0015497943
-0.0013321257
0.0022342012
0.007257409
0.0041069784
-0.001735112
-0.0008754252
0.0010102757
0.00008641176
0.0036199854
0.004188593
-0.0006442525
0.0015237781
0.0010768686
-0.0066067674
-0.006340701
0.0017623471
0.0036584758
-0.0029792148
-0.0040014824
0.0021058072
-0.0012387579
-0.0040220646
-0.0007386383
0.001009057
-0.000786806
-0.005284516
-0.008596002
-0.0017911816
0.012272191
0.012600349
-0.0022679109
-0.004909509
0.006691143
0.010141876
0.0020547914
-0.0029226805
-0.0028073385
0.0023910839
0.008473222
0.010492229
-0.0015498617
-0.009217925
0.0025992552
0.0006442556
0.0023141732
0.0070795654
-0.012223933
-0.012224935
0.016783575
0.009576635
-0.01118329
-0.0034731058
0.018031038
0.027347859
-0.0018302362
-0.008327165
0.003982149
-0.0028837128
0.009011304
0.0025643334
-0.01974083
0.0037992978
0.001816267
-0.011940772
0.031584542
0.016185563
-0.03810181
0.038347233
0.20491517
0.24022023
0.06071821
-0.04391978
-0.0007823299
0.023541842
-0.0093137855
-0.032832984
-0.01598874
0.006664961
0.01546695
-0.027883925
-0.041774478
-0.0048621604
-0.0026332512
0.0035417366
-0.0020502075
-0.01893288
-0.012467351
-0.02650337
-0.022499315
-0.011069192
-0.00578312
0.01632668
-0.0002290485
-0.031949323
-0.0085102
0.013106281
-0.046233375
-0.04651985
0.0072388086
-0.025596086
-0.047964603
-0.0076938053
0.039653156
0.011286972
-0.044526774
-0.029365875
0.0150092235
0.0036611757
-0.028697047
-0.014710899
-0.020601146
-0.04211003
-0.016878344
0.035517994
0.016663125
-0.0512817
-0.052685186
-0.026105383
0.008804717
0.03144437
-0.03057653
-0.06824944
-0.034803778
-0.005869996
0.013786917
-0.009959598
-0.038256537
0.006286469
0.021592027
-0.030823357
-0.033924524
-0.00466693
-0.010737289
-0.014547626
0.000013306925
-0.011320275
-0.027859522
-0.0064222715
0.011631993
0.0033916878
-0.02386063
-0.035165086
-0.004831171
0.02930905
0.013778188
-0.028659519
-0.024179138
0.0045384085
-0.0016174729
-0.010516485
-0.009163839
-0.0103111
0.009288668
0.0076485113
-0.0052221124
-0.00041870953
-0.0026467214
-0.023218011
-0.027787177
-0.008780739
0.008207264
0.009616882
-0.0025882178
-0.0014220407
-0.008175188
-0.014763936
-0.0015171024
0.00017914073
-0.0021518653
0.0019244092
-0.0039884
-0.011739587
-0.016927121
-0.017842425
-0.0019868352
0.005785017
-0.006617708
-0.010778245
0.0035308604
0.015102456
-0.00013563622
-0.0138300145
-0.004310373
0.003996653
-0.0018382288
-0.008109731
-0.010134381
-0.0020727604
0.0035871242
-0.0066971006
-0.01178364
-0.0053293193
-0.00045190036
0.002587443
0.00082566345
-0.00039658434
0.0019557935
0.00076061714
-0.00022789338
0.0012308224
-0.0017121162
-0.00378145
-0.0017891355
-0.00054235087
-0.00025628245
0.00079735275
0.001318439
-0.000051205076
-0.002040391
-0.001693649
0.0014941476
0.0032993387
0.001336511
-0.0010325728
-0.0015752853
-0.0009208211
0.00028265268
0.00066108874
-0.00009160236
0.0011122548
0.004325842
0.0053367564
0.004209881
0.0035944586
0.0041230237
0.004973276
0.0036831812
-0.00015500461
-0.00255908
-0.0018164221
-0.00065027893
-0.0006227491
-0.0003342704
0.0015886631
0.004088002
0.0049607083
0.0039782245
0.0030145901
0.0033445149
0.0038891572
0.003493892
0.0027821008
0.0025314928
0.0028699178
0.0034072038
0.0034167846
0.0030590878
0.0030800325
0.0033431086
0.0031421636
0.002510423
0.00214849
0.0024984868
0.003201617
0.003571832
0.0036850367
0.004095084
0.0045027584
0.004266442
0.0034478344
0.0026502165
0.0023511334
0.0025228665
0.0028578278
0.0032182136
0.0035866422
0.0038608143
0.0038836724
0.0036725025
0.0034290678
0.003280989
0.0031793353
0.0031040998
0.0030938105
0.0031747743
0.0033543566
0.003595333
0.003778514
0.0038019065
0.0037183631
0.003787337
0.0041010715
0.0043894975
0.004461378
0.004501324
0.0046325023
0.00463682
0.004294329
0.0038135005
0.003591949
0.0036646046
0.0037885902
0.003904171
0.0040610526
0.0042214934
0.0042590396
0.004110102
0.0039039277
0.0038117818
0.0037833466
0.003709884
0.00364861
0.0036853044
0.0037442355
0.0036672333
0.0034511432
0.003328968
0.0034113782
0.0035515237
0.003613511
0.0036215447
0.0036282935
0.0036288914
0.0036057543
0.0035877463
0.0035500675
0.0034386243
0.0033033004
0.0032855542
0.0033836535
0.0034409773
0.0033947998
0.0033728473
0.0034986066
0.0037355938
0.0039273887
0.0039862245
0.0039512254
0.003919094
0.003925122
0.003923412
0.0038683128
0.003791483
0.0037494537
0.0037831664
0.0038608767
0.003902668
0.0038850845
0.003862908
0.0038718553
0.003881715
0.0038238906
0.0037191873
0.0036325601
0.0035604474
0.0034794637
0.0034276638
0.0034125873
0.0033993046
0.003365645
0.0033341856
0.003347209
0.003423681
0.0035336204
0.0036493933
0.0037374636
0.0037771433
0.0037681286
0.0037077004
0.0035951205
0.0034690332
0.0033774872
0.003348923
0.0033644973
0.0033912354
0.003410795
0.0034404374
0.0034758581
0.0034791736
0.0034294736
0.0033670638
0.0033458176
0.003373205
0.0033941232
0.003380347
0.0033512579
0.003322626
0.003269914
0.0031872734
0.0031114393
0.003074945
0.0030507534
0.003026069
0.0030189347
0.0030251802
0.0030115142
0.0029790204
0.0029640496
0.0029843
0.002998536
0.002991275
0.002993002
0.0030152572
0.003027377
0.0030075759
0.002953586
0.002895128
0.0028505223
0.0028072507
0.0027508824
0.0026940098
0.0026417994
0.0025976726
0.0025610453
0.0025424934
0.0025421358
0.0025461088
0.0025514686
0.0025790492
0.0026276382
0.0026801475
0.0027231765
0.0027591665
0.0027847788
0.0028075108
0.0028299957
0.00283973
0.002813681
0.0027527907
0.0026812283
0.0026249962
0.0025732187
0.0025095358
0.0024410293
0.0023996183
0.0023966671
0.0024112496
0.0024151616
0.0024158314
0.0024287158
0.0024592767
0.0024877086
0.002495306
0.0024811495
0.0024604902
0.0024393385
0.0024217474
0.002396694
0.0023590692
0.002312447
0.002269541
0.002242213
0.0022366864
0.0022412408
0.0022551438
0.0022724364
0.0022736143
0.0022483822
0.0022147421
0.0021793314
0.002140622
0.0021003068
0.0020760647
0.0020644278
0.0020381068
0.0019810111
0.0019107305
0.0018367452
0.001757904
0.0016778454
0.0016164866
0.0015804647
0.0015656583
0.0015570982
0.0015476646
0.0015356602
0.0015238222
0.0015100595
0.0015030258
0.0015049694
0.0015087633
0.0014981068
0.0014755882
0.0014543653
0.0014372221
0.0014075591
0.0013632805
0.0013119683
0.0012619576
0.0012071616
0.0011463828
0.0010887206
0.0010471493
0.0010183175
0.0009971047
0.00097240927
0.0009429924
0.00091079855
0.0008804362
0.0008523528
0.0008259835
0.0007910824
0.0007515807
0.0007149949
0.0006812909
0.0006422622
0.00060005515
0.0005582856
0.0005257814
0.00050010375
0.00047951433
0.0004626593
0.00045137233
0.0004424416
0.0004382235
0.00044133232
0.00045759865
0.000479265
0.00049590284
0.00050444005
0.00051675114
0.00052907993
0.00052808516
0.0005098056
0.00048739804
0.00046427344
0.00043894188
0.00040514648
0.00036240026
0.0003086826
0.0002534743
0.00020628501
0.00016650112
0.00012049207
0.00007069986
0.000026561089
-0.000005258179
-0.000032725104
-0.000060418122
-0.000085999316
-0.00010178226
-0.000109333094
-0.00010844254
-0.00010351854
-0.000093966955
-0.000083559295
-0.000075257754
-0.00006968927
-0.000061568426
-0.000058026417
-0.00006260082
-0.00007251265
-0.00007916122
-0.00008184596
-0.00008261834
-0.00008585538
-0.000085474705
-0.000082772436
-0.00008166922
-0.000085227766
-0.000086924396
-0.00008472069
-0.00007941307
-0.000076940414
-0.0000744852
-0.00007257352
-0.00007334708
-0.00008009061
-0.00008355109
-0.00007924552
-0.00006858745
-0.000056466495
-0.000040204395
-0.000019782969
0.000005532104
0.000029103332
0.000047854362
0.000059543025
0.000069263864
0.00007885612
0.00008952145
0.00009734434
0.00010301613
0.000103189486
0.00010039363
0.00009535282
0.00008680696
0.0000706501
0.000054123353
0.00004343846
0.000038015132
0.00002555306
0.0000065053787
-0.000013918096
-0.000035614572
-0.00006577488
-0.00010074482
-0.00013715998
-0.00017019789
-0.00020045349
-0.0002269126
-0.00025217264
-0.0002783036
-0.00031024218
-0.00034326277
-0.0003745503
-0.00040162136
-0.00042735977
-0.00045276596
-0.00048059065
-0.00050848175
-0.0005367991
-0.00056211656
-0.00058502244
-0.00060440757
-0.00062183826
-0.0006334538
-0.0006423161
-0.0006537119
-0.00067275454
-0.00069445913
-0.00071506255
-0.0007325358
-0.0007539561
-0.00078115903
-0.00081249996
-0.00084212143
-0.00087179
-0.0009029186
-0.0009370335
-0.0009696829
-0.0010021512
-0.0010321086
-0.0010583482
-0.0010808212
-0.0011057722
-0.0011326771
-0.0011587357
-0.001180038
-0.0012024342
-0.0012270666
-0.0012518617
-0.0012718433
-0.0012875822
-0.0012986957
-0.0013089853
-0.0013158239
-0.001319445
-0.0013213216
-0.0013242965
-0.0013236963
-0.001319086
-0.0013101251
-0.0013002971
-0.0012881464
-0.0012766394
-0.0012695846
-0.0012703392
-0.0012743762
-0.0012819638
-0.0012924003
-0.0013050787
-0.0013154816
-0.0013259394
-0.0013359349
-0.0013449744
-0.0013500993
-0.0013542201
-0.0013575879
-0.001359388
-0.0013546927
-0.0013471938
-0.001340707
-0.001337348
-0.0013317516
-0.0013231612
-0.0013130062
-0.0013057799
-0.0012990028
-0.0012928422
-0.0012859473
-0.0012802641
-0.0012747409
-0.0012698496
-0.001262603
-0.0012540724
-0.0012438558
-0.001235571
-0.001227948
-0.0012205605
-0.0012113366
-0.0012015554
-0.001190886
-0.0011831153
-0.0011761003
-0.0011691587
-0.001162155
-0.0011578468
-0.0011540375
-0.0011521026
-0.0011513324
-0.0011530772
-0.001154258
-0.0011561062
-0.0011597682
-0.0011661127
-0.0011694494
-0.0011692859
-0.0011666325
-0.0011653783
-0.0011642041
-0.0011635114
-0.0011613963
-0.0011606684
-0.001161468
-0.0011639348
-0.0011653209
-0.0011680138
-0.0011715088
-0.0011770254
-0.0011837002
-0.0011938792
-0.0012042861
-0.001211867
-0.0012151494
-0.0012196254
-0.001224795
-0.0012287836
-0.0012287118
-0.0012286346
-0.001230317
-0.0012344526
-0.0012377404
-0.0012408631
-0.0012418932
-0.0012425293
-0.0012428863
-0.0012459166
-0.0012507227
-0.0012568914
-0.0012622006
-0.0012688556
-0.0012738046
-0.001275675
-0.0012747329
-0.0012754024
-0.0012772135
-0.0012810037
-0.0012852378
-0.0012919939
-0.001299476
-0.0013071825
-0.0013134403
-0.001320544
-0.0013280374
-0.0013370477
-0.0013452774
-0.0013538691
-0.0013626153
-0.0013723623
-0.0013789962
-0.0013831132
-0.0013863059
-0.0013915444
-0.0013969856
-0.0014036978
-0.0014107643
-0.0014197702
-0.0014294424
-0.0014409871
-0.001452007
-0.0014619823
-0.0014700701
-0.0014796089
-0.0014895459
-0.0015000403
-0.0015094712
-0.0015198188
-0.00153074
-0.0015427386
-0.0015529409
-0.0015619228
-0.0015690856
-0.0015769319
-0.0015837962
-0.0015899609
-0.0015947182
-0.0015990051
-0.0016002288
-0.001600278
-0.0015991986
-0.0015977176
-0.0015936253
-0.0015885199
-0.0015832889
-0.0015797273
-0.0015737518
-0.0015651354
-0.0015547606
-0.0015459169
-0.0015372171
-0.0015290506
-0.0015205451
-0.0015132391
-0.001504797
-0.0014961634
-0.0014879685
-0.0014825461
-0.001477479
-0.001473791
-0.0014720536
-0.0014731593
-0.0014734126
-0.0014723359
-0.0014688171
-0.0014650481
-0.0014606509
-0.0014569543
-0.0014519359
-0.0014456676
-0.0014373128
-0.0014293498
-0.0014207963
-0.0014123035
-0.0014019572
-0.0013908804
-0.001379674
-0.0013709717
-0.0013627061
-0.0013541803
-0.0013444991
-0.0013371715
-0.0013311916
-0.0013257961
-0.0013196093
-0.0013145534
-0.0013091743
-0.0013044048
-0.0012993276
-0.0012957423
-0.0012930585
-0.0012915769
-0.0012890928
-0.0012867036
-0.0012834349
-0.0012808084
-0.0012782195
-0.0012774279
-0.0012781859
-0.0012815461
-0.0012854417
-0.0012905329
-0.0012955118
-0.0013011809
-0.0013062797
-0.0013119783
-0.0013161711
-0.0013189822
-0.001319826
-0.0013208903
-0.0013211919
-0.0013208259
-0.0013182213
-0.0013159633
-0.0013142845
-0.0013137102
-0.0013123056
-0.0013117895
-0.0013120301
-0.0013137148
-0.0013149565
-0.0013177464
-0.0013215111
-0.0013262633
-0.0013308184
-0.0013373382
-0.0013442979
-0.001350471
-0.0013537523
-0.0013568134
-0.0013593463
-0.0013612281
-0.001360896
-0.0013599803
-0.001358027
-0.0013565513
-0.001353701
-0.0013495875
-0.0013436083
-0.0013377357
-0.0013314079
-0.0013261398
-0.0013209356
-0.0013166793
-0.0013117706
-0.0013069788
-0.0013016518
-0.0012964234
-0.0012892716
-0.0012816276
-0.0012737539
-0.0012671144
-0.0012601853
-0.0012538254
-0.0012466845
-0.0012394473
-0.0012313223
-0.0012240631
-0.001217244
-0.0012117038
-0.001205816
-0.0012011653
-0.0011978565
-0.0011966702
-0.0011948032
-0.0011920561
-0.0011884075
-0.0011863719
-0.0011844743
-0.0011825656
-0.00117933
-0.0011763078
-0.001172817
-0.0011693544
-0.0011643036
-0.0011587274
-0.0011520117
-0.0011460789
-0.0011408722
-0.0011379346
-0.0011362343
-0.0011358608
-0.0011352818
-0.0011357873
-0.0011357833
-0.0011356623
-0.0011354659
-0.0011368648
-0.0011379515
-0.0011390479
-0.001139392
-0.001140036
-0.0011390207
-0.0011371096
-0.0011348632
-0.0011340863
-0.0011330128
-0.0011323158
-0.0011316905
-0.001132224
-0.0011322286
-0.001132332
-0.0011316783
-0.001131643
-0.0011315435
-0.0011321168
-0.0011321516
-0.0011325656
-0.0011319774
-0.0011311268
-0.0011296045
-0.0011291829
-0.0011286696
-0.0011277574
-0.0011252023
-0.0011228911
-0.0011201808
-0.0011175389
-0.0011138187
-0.0011105089
-0.0011072432
-0.0011045721
-0.0011007091
-0.0010963187
-0.0010906701
-0.0010852903
-0.0010794414
-0.001073861
-0.0010674048
-0.0010606394
-0.0010528583
-0.0010460191
-0.0010391464
-0.0010321364
-0.0010239132
-0.0010159279
-0.001007463
-0.0009991173
-0.0009894544
-0.0009797298
-0.0009696159
-0.00096001464
-0.0009497319
-0.0009395335
-0.0009284246
-0.0009169701
-0.00090377673
-0.00089009333
-0.00087604695
-0.0008626861
-0.00084817817
-0.00083362986
-0.00081954064
-0.0008069165
-0.0007937372
-0.00078058965
-0.0007671267
-0.0007547536
-0.0007427852
-0.0007323219
-0.0007220585
-0.0007118973
-0.00070089183
-0.0006907721
-0.0006805286
-0.0006701205
-0.00065837597
-0.00064689416
-0.0006356624
-0.00062565954
-0.0006158213
-0.0006071416
-0.0005988801
-0.0005919651
-0.0005851799
-0.00057914294
-0.00057312695
-0.00056769146
-0.0005614723
-0.0005557142
-0.0005499238
-0.00054462574
-0.00053853524
-0.0005323907
-0.0005257267
-0.0005197878
-0.0005134791
-0.00050777645
-0.0005024596
-0.00049863884
-0.00049504644
-0.00049202435
-0.00048875046
-0.0004863582
-0.000483717
-0.0004813352
-0.00047863869
-0.00047668343
-0.00047392934
-0.00047070527
-0.0004666666
-0.0004631238
-0.0004592106
-0.00045561383
-0.00045151307
-0.0004480704
-0.0004446992
-0.00044209688
-0.00043897022
-0.00043573615
-0.00043160073
-0.00042772203
-0.00042353052
-0.00042019133
-0.00041679016
-0.0004137287
-0.00041044352
-0.0004081181
-0.00040520355
-0.00040134328
-0.00039588485
-0.00039102443
-0.0003861912
-0.0003813775
-0.00037586916
-0.00037109194
-0.0003660699
-0.00036118284
-0.0003554147
-0.00034965886
-0.00034335002
-0.00033746153
-0.00033163137
-0.00032700397
-0.00032224308
-0.00031740722
-0.00031143054
-0.00030522235
-0.00029831505
-0.00029166433
-0.00028451375
-0.00027776998
-0.00027062302
-0.0002637453
-0.00025628228
-0.00024891162
-0.00024048987
-0.000231921
-0.00022315657
-0.00021530599
-0.00020719321
-0.00019904402
-0.00019002325
-0.00018151813
-0.00017316156
-0.00016535747
-0.00015678137
-0.00014823352
-0.00013944357
-0.00013138387
-0.00012304109
-0.00011525339
-0.00010726273
-0.00009942965
-0.00009097332
-0.000083125386
-0.00007525002
-0.00006762509
-0.000059293987
-0.000051662533
-0.00004438291
-0.000037849866
-0.000030939835
-0.000024236995
-0.000017041753
-0.0000103330785
-0.000003116319
0.000004050764
0.000011409047
0.000017881423
0.000024521407
0.00003077031
0.00003719398
0.00004285897
0.000048728874
0.00005414146
0.000059357415
0.000063620675
0.000068227826
0.000072540686
0.0000769837
0.000080954225
0.00008549044
0.00008959481
0.000093761424
0.00009756065
0.00010204829
0.000106365456
0.00011093579
0.00011528404
0.000120649485
0.00012603117
0.00013139228
0.00013595952
0.00014115844
0.00014675944
0.00015313053
0.00015907452
0.00016540187
0.00017151242
0.00017799115
0.00018396285
0.0001900217
0.00019557349
0.00020164454
0.00020775017
0.0002145616
0.00022110056
0.00022804557
0.00023488251
0.00024230075
0.0002495918
0.00025725222
0.0002641487
0.00027112555
0.00027799926
0.00028547185
0.00029274359
0.00030064915
0.00030852083
0.00031692578
0.0003250648
0.00033376148
0.0003423131
0.00035102564
0.0003593089
0.0003684802
0.00037807904
0.00038834225
0.00039813088
0.0004080316
0.00041747824
0.0004272616
0.0004365142
0.0004457219
0.00045454953
0.00046404247
0.0004734111
0.00048314236
0.0004925372
0.000502126
0.000510978
0.000519954
0.00052907557
0.0005390635
0.0005486161
0.00055828434
0.00056793744
0.0005784264
0.0005885837
0.0005984967
0.000607528
0.00061656156
0.0006249894
0.0006335698
0.0006416839
0.000649846
0.00065715
0.00066413917
0.00067044725
0.0006768252
0.00068239827
0.0006880905
0.0006937657
0.0006998368
0.000705191
0.00071043766
0.0007151646
0.00072013465
0.0007245539
0.00072905654
0.0007332097
0.0007375794
0.00074122637
0.00074450346
0.00074672187
0.00074871164
0.00074997894
0.00075103494
0.00075138506
0.0007522708
0.00075332425
0.0007547413
0.00075567036
0.000756917
0.0007579781
0.0007594553
0.0007606892
0.0007622838
0.00076356204
0.00076519506
0.00076672324
0.00076853076
0.00076949975
0.0007701199
0.00076997175
0.00076980615
0.00076903886
0.0007682211
0.00076690206
0.0007660103
0.0007651245
0.00076470734
0.0007638417
0.00076317426
0.00076231925
0.0007618231
0.00076119317
0.00076131907
0.0007614938
0.0007620385
0.0007623829
0.0007632307
0.0007638764
0.00076445943
0.0007642429
0.0007643657
0.00076455134
0.00076500676
0.0007647625
0.00076447317
0.00076380256
0.0007633603
0.0007625815
0.00076237816
0.0007623843
0.0007629585
0.00076338917
0.00076451286
0.00076571037
0.0007670499
0.0007678503
0.0007689779
0.0007699738
0.0007712231
0.0007719006
0.00077244424
0.0007723275
0.0007723726
0.0007723571
0.0007728877
0.0007732143
0.00077390636
0.00077452854
0.00077579624
0.0007772209
0.0007790746
0.0007805076
0.0007822151
0.00078397576
0.0007862105
0.00078779523
0.0007891819
0.000790179
0.00079136726
0.00079206174
0.0007929312
0.0007935761
0.00079459936
0.0007953536
0.0007962072
0.0007967228
0.0007976206
0.00079833955
0.000799355
0.0008000727
0.0008010364
0.0008017333
0.0008026136
0.0008032153
0.0008042766
0.00080527883
0.00080663763
0.0008077533
0.00080907467
0.0008099727
0.000811143
0.0008122956
0.0008139112
0.0008152833
0.0008168791
0.0008183524
0.0008203188
0.0008219464
0.00082346273
0.000824504
0.0008258513
0.000826959
0.00082820334
0.0008292023
0.00083067693
0.0008319221
0.0008332942
0.0008344939
0.0008360345
0.00083713105
0.00083836797
0.00083976716
0.0008420585
0.0008443489
0.0008469049
0.00084939256
0.0008523225
0.0008550291
0.0008578831
0.0008603231
0.0008631014
0.00086606946
0.0008697536
0.0008735399
0.00087783823
0.0008820548
0.00088663417
0.0008910508
0.000895842
0.00090054504
0.00090553926
0.0009104379
0.00091595406
0.0009214903
0.00092718203
0.00093241443
0.0009377398
0.0009426816
0.0009477735
0.0009526158
0.0009576608
0.0009623436
0.0009670683
0.00097144506
0.0009761219
0.0009805432
0.0009849445
0.0009889002
0.0009932811
0.000997928
0.0010030932
0.0010079308
0.0010129703
0.0010179719
0.0010233722
0.0010284579
0.0010335059
0.0010381064
0.0010428344
0.001047219
0.0010516774
0.0010556764
0.0010596241
0.0010630438
0.0010664351
0.0010695835
0.0010730581
0.0010762664
0.0010797108
0.001083007
0.0010862807
0.001088864
0.0010914213
0.0010936963
0.0010960854
0.001098096
0.0011003843
0.0011025574
0.001104671
0.0011060802
0.0011074446
0.001108445
0.0011094259
0.0011100055
0.0011108214
0.001111492
0.0011123943
0.0011129556
0.0011134794
0.0011135429
0.0011136134
0.0011132755
0.0011130805
0.0011126848
0.0011124121
0.0011116307
0.0011107817
0.0011097173
0.0011089168
0.00110771
0.0011064337
0.0011048013
0.0011033186
0.0011014901
0.0010996241
0.0010973815
0.0010953658
0.0010932283
0.001091313
0.0010890331
0.0010867553
0.0010841424
0.0010816839
0.0010790915
0.0010767418
0.0010739649
0.0010711417
0.0010680807
0.0010651897
0.0010619111
0.001058585
0.0010549038
0.0010514442
0.001047761
0.0010441212
0.0010401476
0.0010363391
0.00103236
0.0010286077
0.0010247226
0.001021205
0.0010175938
0.0010140082
0.001010015
0.0010062953
0.0010024455
0.0009984762
0.0009939565
0.0009895748
0.0009850416
0.0009806065
0.0009757764
0.0009709357
0.0009656921
0.00096054625
0.0009553632
0.0009504974
0.0009452862
0.00094009447
0.0009347604
0.00092972326
0.0009244703
0.0009192592
0.0009137907
0.0009085554
0.000903192
0.0008980323
0.00089264725
0.0008874349
0.0008820191
0.00087664713
0.0008709719
0.0008654777
0.00085972657
0.000854015
0.000848076
0.0008423727
0.0008365741
0.0008309502
0.0008250481
0.0008192966
0.00081333105
0.00080739724
0.00080113346
0.0007950289
0.00078885286
0.0007829068
0.0007766647
0.0007704529
0.0007639634
0.0007574557
0.0007505234
0.0007437541
0.00073702936
0.0007306584
0.0007242234
0.0007180605
0.00071182754
0.0007058371
0.0006996208
0.0006933986
0.00068682554
0.00068037125
0.0006738393
0.0006675831
0.00066119945
0.0006549845
0.0006485053
0.0006420911
0.00063552766
0.0006290935
0.00062232825
0.0006157491
0.0006093893
0.00060356385
0.00059754436
0.0005915663
0.0005855167
0.0005796693
0.00057349744
0.00056737463
0.00056113716
0.0005552148
0.0005492987
0.00054366176
0.0005379388
0.0005323202
0.0005263684
0.0005205063
0.00051457423
0.00050895626
0.00050334336
0.0004979924
0.0004925828
0.000487481
0.00048239122
0.0004776423
0.000472953
0.00046863395
0.0004643857
0.00046059565
0.00045687842
0.00045329577
0.0004494556
0.00044579094
0.00044216507
0.00043890474
0.0004355412
0.00043226272
0.00042887332
0.0004258419
0.0004229043
0.00042025984
0.00041759084
0.00041530564
0.00041311447
0.00041128177
0.0004095864
0.00040829406
0.0004069421
0.00040574474
0.0004045195
0.0004036041
0.00040255947
0.00040160515
0.00040057025
0.00039982836
0.00039913395
0.00039874087
0.00039826307
0.00039803758
0.00039787387
0.00039794494
0.00039790882
0.00039820414
0.00039868098
0.0003995607
0.0004004235
0.00040152867
0.0004025724
0.0004036058
0.0004042616
0.0004049401
0.0004053933
0.00040581424
0.0004060183
0.00040639983
0.0004066193
0.00040688924
0.0004070582
0.00040752007
0.00040799277
0.00040864604
0.0004092877
0.00041034105
0.00041145808
0.00041264552
0.00041356706
0.0004146329
0.00041570456
0.00041691834
0.00041784035
0.0004187313
0.00041937942
0.0004200225
0.00042038242
0.00042069395
0.00042074296
0.00042088094
0.00042091814
0.0004210647
0.00042098557
0.0004209578
0.00042081822
0.00042080958
0.00042070344
0.00042072794
0.00042052663
0.0004203532
0.00042007532
0.00041989543
0.00041950122
0.00041913602
0.00041853904
0.00041790208
0.000416962
0.00041601196
0.00041483782
0.00041358225
0.0004120662
0.0004107335
0.00040941054
0.00040820002
0.00040677513
0.00040535937
0.000403777
0.00040234084
0.00040077433
0.0003991867
0.00039740332
0.00039573602
0.00039389436
0.00039200098
0.00038982317
0.00038759547
0.00038505302
0.00038247264
0.00037985801
0.0003774576
0.0003748301
0.00037212175
0.0003692813
0.00036660334
0.0003637531
0.00036081782
0.0003576407
0.0003545443
0.00035135032
0.00034828568
0.0003451324
0.00034204975
0.00033873905
0.00033534973
0.00033175162
0.0003282074
0.0003244881
0.0003209147
0.00031743804
0.00031414424
0.0003106313
0.00030704896
0.00030323322
0.0002993927
0.00029528385
0.00029115332
0.00028695675
0.0002829439
0.0002788733
0.00027486405
0.00027067953
0.00026656783
0.00026240377
0.0002583116
0.00025407792
0.0002500701
0.0002461923
0.00024247669
0.00023861318
0.00023478441
0.00023081164
0.0002268585
0.00022271271
0.00021855267
0.00021421077
0.00020995054
0.0002057144
0.0002016613
0.00019749728
0.00019340181
0.00018924972
0.00018520239
0.00018106865
0.00017701292
0.00017287568
0.00016888083
0.00016491683
0.00016113053
0.00015724645
0.00015343666
0.00014959947
0.00014585932
0.00014203982
0.00013839625
0.00013475952
0.00013122022
0.00012762335
0.00012418945
0.00012076171
0.000117383905
0.00011385044
0.000110504196
0.00010729741
0.00010426143
0.00010110603
0.00009799957
0.00009487004
0.00009187992
0.00008883676
0.0000859461
0.00008309108
0.00008029993
0.00007732045
0.000074370975
0.000071299386
0.00006812948
0.00006475423
0.00006148669
0.00005827823
0.000055258195
0.00005220963
0.000049205024
0.00004607023
0.000043009462
0.000039995328
0.000037162845
0.000034286644
0.000031512
0.000028739512
0.000026108324
0.000023466628
0.00002085563
0.00001804102
0.000015202468
0.000012347092
0.000009606121
0.000006704043
0.0000037828063
0.00000085663544
-0.0000019529018
-0.0000048620677
-0.000007739761
-0.000010678695
-0.000013530529
-0.000016435863
-0.00001932674
-0.0000222851
-0.000025076328
-0.000027781572
-0.000030340168
-0.00003298201
-0.000035619567
-0.000038337606
-0.0000410748
-0.00004398126
-0.000046867426
-0.00004980684
-0.000052710588
-0.000055701425
-0.000058679372
-0.00006178031
-0.000064826774
-0.00006784758
-0.00007073374
-0.00007364532
-0.000076527496
-0.00007945876
-0.000082293205
-0.00008522363
-0.000088241024
-0.00009141037
-0.00009455407
-0.00009779678
-0.000101112186
-0.000104582236
-0.00010804591
-0.00011167394
-0.000115428644
-0.00011930461
-0.00012315784
-0.00012717687
-0.00013126277
-0.00013533304
-0.00013920816
-0.00014308872
-0.00014693181
-0.00015075915
-0.00015448392
-0.00015824007
-0.00016195947
-0.00016575893
-0.00016950427
-0.00017318591
-0.00017673832
-0.0001803413
-0.00018396173
-0.00018768541
-0.00019141028
-0.00019522136
-0.00019899967
-0.00020276118
-0.00020644115
-0.00021009639
-0.0002135805
-0.00021701977
-0.00022046053
-0.00022399976
-0.0002275328
-0.00023112007
-0.00023462926
-0.00023809414
-0.00024148797
-0.00024493766
-0.00024840803
-0.0002519419
-0.00025541958
-0.0002589185
-0.00026240473
-0.0002659106
-0.00026924422
-0.0002723456
-0.0002752133
-0.00027807575
-0.00028088316
-0.00028358935
-0.00028610625
-0.0002885719
-0.00029098373
-0.00029333777
-0.00029549215
-0.00029752473
-0.00029946555
-0.0003014259
-0.00030336372
-0.00030537415
-0.0003074579
-0.00030959534
-0.0003116336
-0.0003136006
-0.0003153964
-0.00031702308
-0.000318544
-0.00032009298
-0.00032154928
-0.0003228911
-0.0003241146
-0.000325303
-0.00032632705
-0.00032717784
-0.00032795692
-0.00032880483
-0.00032962888
-0.00033046614
-0.00033133433
-0.0003322276
-0.00033304683
-0.00033383782
-0.00033456465
-0.0003352629
-0.000335919
-0.00033654374
-0.00033708743
-0.00033757964
-0.0003379736
-0.00033829064
-0.00033854452
-0.0003388674
-0.00033927534
-0.00033969432
-0.00034003722
-0.0003403906
-0.0003407702
-0.00034117172
-0.00034156226
-0.00034198008
-0.00034243343
-0.00034293448
-0.00034340456
-0.00034379686
-0.0003440892
-0.0003443596
-0.0003446077
-0.00034481904
-0.00034499308
-0.00034516986
-0.00034536864
-0.00034566232
-0.00034604123
-0.00034645537
-0.0003468886
-0.00034736496
-0.0003478762
-0.0003484143
-0.0003489381
-0.0003494858
-0.0003501279
-0.00035086987
-0.00035164776
-0.00035238615
-0.0003530565
-0.00035367708
-0.00035422514
-0.0003547112
-0.00035529
-0.0003560389
-0.00035682486
-0.00035758966
-0.00035847045
-0.0003594889
-0.00036053933
-0.00036156466
-0.00036264723
-0.00036386529
-0.00036524842
-0.0003667784
-0.0003683913
-0.00036994406
-0.00037143624
-0.00037293293
-0.00037440637
-0.00037574593
-0.00037700302
-0.0003782591
-0.00037957146
-0.00038090593
-0.00038228044
-0.0003836864
-0.00038515113
-0.0003866582
-0.0003882043
-0.00038975402
-0.00039138403
-0.00039308352
-0.00039482582
-0.00039657156
-0.00039835362
-0.00040010968
-0.000401836
-0.00040347956
-0.0004050767
-0.00040663008
-0.00040819068
-0.00040977946
-0.00041148707
-0.00041326316
-0.00041510243
-0.0004169318
-0.00041878724
-0.00042069168
-0.00042269283
-0.0004246877
-0.000426716
-0.00042877567
-0.00043084688
-0.00043280784
-0.00043469202
-0.0004364837
-0.00043829496
-0.0004400989
-0.00044188683
-0.00044359057
-0.00044529766
-0.0004469816
-0.00044863927
-0.0004501615
-0.00045163292
-0.00045305336
-0.00045447156
-0.0004558694
-0.00045734312
-0.0004587827
-0.0004602156
-0.00046165497
-0.0004631493
-0.00046450953
-0.00046577546
-0.00046702733
-0.0004683521
-0.00046958568
-0.00047080792
-0.00047205135
-0.00047336053
-0.0004745877
-0.0004757618
-0.0004768363
-0.0004779364
-0.00047904256
-0.00048025165
-0.00048149604
-0.0004828018
-0.0004840621
-0.00048530457
-0.00048639686
-0.00048745
-0.0004884605
-0.0004895038
-0.0004904896
-0.0004914935
-0.00049242325
-0.0004933425
-0.0004941267
-0.0004947768
-0.00049525837
-0.0004957866
-0.0004963208
-0.0004968968
-0.00049737084
-0.0004978192
-0.0004982109
-0.0004986591
-0.0004990541
-0.00049945194
-0.00049976254
-0.00050013064
-0.00050050777
-0.000500959
-0.0005013831
-0.0005018954
-0.00050237734
-0.0005028911
-0.0005033498
-0.000503844
-0.000504244
-0.00050465076
-0.00050500623
-0.0005054104
-0.0005057469
-0.00050612335
-0.000506411
-0.00050668936
-0.00050690206
-0.0005071549
-0.0005072876
-0.0005074554
-0.0005076415
-0.00050790457
-0.0005080434
-0.0005082025
-0.0005084063
-0.00050877186
-0.00050909165
-0.00050949503
-0.00050990866
-0.000510384
-0.0005107832
-0.00051125244
-0.0005116442
-0.00051207235
-0.0005125099
-0.00051311083
-0.0005136953
-0.00051431044
-0.0005148251
-0.000515414
-0.0005159519
-0.000516518
-0.00051702757
-0.0005176961
-0.0005184476
-0.00051935914
-0.0005201929
-0.00052103295
-0.00052178925
-0.00052261224
-0.00052337395
-0.00052423216
-0.0005250865
-0.00052609073
-0.00052709697
-0.00052817474
-0.0005291513
-0.00053019886
-0.00053121
-0.00053227146
-0.0005332261
-0.00053430145
-0.0005354144
-0.0005366727
-0.0005379118
-0.00053926825
-0.00054056454
-0.0005419277
-0.00054319843
-0.00054450636
-0.00054573314
-0.0005470604
-0.00054834364
-0.00054969057
-0.0005509125
-0.000552164
-0.0005532399
-0.00055420445
-0.00055494666
-0.0005557218
-0.0005564183
-0.00055724295
-0.00055806054
-0.0005589323
-0.00055966456
-0.0005604848
-0.00056122604
-0.00056197867
-0.0005625837
-0.0005632807
-0.0005639255
-0.0005646119
-0.0005651664
-0.00056576467
-0.0005661476
-0.0005664244
-0.000566514
-0.0005666467
-0.0005666033
-0.0005665315
-0.0005663244
-0.0005662231
-0.0005660585
-0.0005659655
-0.00056574616
-0.00056557084
-0.0005652537
-0.0005649376
-0.0005644363
-0.0005639672
-0.0005633834
-0.00056285417
-0.0005621637
-0.0005614216
-0.0005603943
-0.00055931543
-0.0005580579
-0.00055678736
-0.0005553082
-0.00055385317
-0.0005523023
-0.0005508431
-0.0005492211
-0.0005476185
-0.000545888
-0.00054427807
-0.00054266234
-0.00054118916
-0.0005395356
-0.00053789926
-0.00053615606
-0.0005344304
-0.0005324365
-0.00053040346
-0.00052820006
-0.00052605965
-0.00052375067
-0.0005214329
-0.000518922
-0.0005164695
-0.00051391876
-0.0005114744
-0.0005089247
-0.0005065416
-0.0005041759
-0.0005019861
-0.0004997367
-0.00049768743
-0.00049559056
-0.00049353956
-0.0004913016
-0.00048913644
-0.00048681043
-0.00048450334
-0.00048202896
-0.00047960732
-0.0004769834
-0.00047441057
-0.0004717417
-0.00046918163
-0.0004664812
-0.00046391602
-0.00046133794
-0.00045898271
-0.00045660266
-0.0004544292
-0.0004522452
-0.0004501921
-0.00044797314
-0.00044584944
-0.00044364878
-0.00044162676
-0.00043952913
-0.0004375592
-0.0004355129
-0.0004336086
-0.00043154578
-0.0004295805
-0.0004275414
-0.00042565056
-0.00042369508
-0.00042197283
-0.00042023344
-0.00041868328
-0.00041705323
-0.0004155623
-0.00041398307
-0.00041260722
-0.00041123104
-0.00041004352
-0.00040869537
-0.00040743392
-0.00040606817
-0.00040481117
-0.00040337557
-0.00040206432
-0.00040067325
-0.00039944582
-0.0003981412
-0.0003970066
-0.00039574617
-0.00039462055
-0.00039343498
-0.00039244533
-0.0003913573
-0.0003904644
-0.0003895692
-0.00038891562
-0.00038818037
-0.00038755574
-0.00038673155
-0.00038600634
-0.00038516024
-0.00038439166
-0.00038337513
-0.00038247555
-0.0003816047
-0.00038102316
-0.00038028765
-0.00037963857
-0.00037888187
-0.00037825428
-0.00037743372
-0.00037673698
-0.00037594658
-0.0003753757
-0.0003747563
-0.00037430497
-0.0003736798
-0.00037308788
-0.0003722148
-0.00037140967
-0.00037045823
-0.00036964766
-0.00036871675
-0.00036797114
-0.00036711956
-0.00036640838
-0.00036552484
-0.0003647701
-0.0003638605
-0.0003630768
-0.0003621886
-0.0003615554
-0.00036082967
-0.00036021584
-0.00035944665
-0.0003588449
-0.0003580599
-0.00035733398
-0.00035636532
-0.00035543408
-0.00035425255
-0.0003531912
-0.0003519847
-0.00035089246
-0.0003495982
-0.00034839803
-0.0003469234
-0.00034546945
-0.00034382744
-0.00034235386
-0.00034071034
-0.0003391827
-0.00033751823
-0.0003360264
-0.00033429972
-0.00033261577
-0.00033068733
-0.00032882238
-0.00032675025
-0.00032484034
-0.00032277306
-0.000320893
-0.00031889763
-0.0003170052
-0.00031484012
-0.00031277112
-0.0003105125
-0.0003083747
-0.00030601706
-0.0003037843
-0.0003013752
-0.00029907963
-0.00029657735
-0.00029420955
-0.00029158115
-0.00028897877
-0.00028615748
-0.000283498
-0.00028059224
-0.00027772886
-0.0002746661
-0.00027183592
-0.00026887926
-0.00026603948
-0.00026299953
-0.00026019465
-0.00025727449
-0.00025446224
-0.00025142188
-0.00024862253
-0.0002457678
-0.00024310779
-0.0002402272
-0.00023746263
-0.00023446631
-0.0002316199
-0.00022860234
-0.00022569907
-0.00022251923
-0.00021946593
-0.00021626147
-0.00021322884
-0.00020996215
-0.0002068789
-0.00020369288
-0.00020072843
-0.00019763938
-0.00019476237
-0.00019161904
-0.00018854639
-0.00018529032
-0.00018223719
-0.00017901813
-0.0001760191
-0.00017288238
-0.00016995716
-0.00016684874
-0.00016390397
-0.00016073497
-0.00015767502
-0.00015443041
-0.00015148352
-0.00014845033
-0.00014560707
-0.00014255094
-0.00013967174
-0.00013661466
-0.00013376422
-0.0001307148
-0.00012782842
-0.0001248018
-0.00012205992
-0.00011917364
-0.000116487965
-0.000113647686
-0.00011100392
-0.00010810072
-0.000105339815
-0.00010244544
-0.00009981845
-0.00009700681
-0.00009439359
-0.000091656024
-0.000089205874
-0.00008659031
-0.00008413131
-0.00008144778
-0.00007894581
-0.000076245386
-0.00007379781
-0.000071244336
-0.0000689459
-0.00006640822
-0.00006398506
-0.00006135532
-0.00005892194
-0.0000562206
-0.00005376517
-0.000051288225
-0.00004907214
-0.000046583715
-0.000044281995
-0.00004183948
-0.00003965431
-0.00003727424
-0.000035144574
-0.000032937816
-0.000031066982
-0.000029072127
-0.000027276521
-0.000025191552
-0.000023269364
-0.000021174843
-0.000019288284
-0.000017172524
-0.000015375024
-0.000013563182
-0.000012065457
-0.000010381514
-0.000008941834
-0.0000073245174
-0.000005933903
-0.000004350003
-0.000003011604
-0.0000015093576
-0.00000032580374
0.0000009125666
0.000001829978
0.000002965577
0.00000393846
0.0000051678753
0.0000061852447
0.0000074009163
0.000008401341
0.000009603125
0.000010497074
0.000011447588
0.000012051997
0.000012877835
0.000013534316
0.00001445389
0.000015200018
0.000016126936
0.000016701946
0.000017418644
0.000017871407
0.00001845998
0.000018740931
0.00001923358
0.000019610852
0.00002034682
0.000020822521
0.000021395563
0.000021719758
0.000022343524
0.00002276099
0.00002334092
0.000023658802
0.00002423068
0.000024539442
0.000024997538
0.000025214926
0.000025660427
0.000025779886
0.00002608143
0.000026249698
0.000026721133
0.000026937343
0.000027413866
0.00002775673
0.000028401926
0.000028846316
0.000029565637
0.00003001372
0.000030533574
0.000030641946
0.00003090497
0.000030897325
0.00003109647
0.000030979896
0.00003097265
0.000030645766
0.000030570984
0.000030275625
0.000030178515
0.000029857843
0.000029976762
0.000030047273
0.000030411336
0.00003055565
0.00003098557
0.00003116099
0.000031507898
0.000031483956
0.00003161925
0.0000315215
0.000031631138
0.000031346695
0.00003117576
0.00003068344
0.000030409454
0.000029865761
0.000029553823
0.000029003924
0.000028696375
0.00002810063
0.000027762588
0.000027213997
0.00002695191
0.000026484964
0.000026338723
0.000025923224
0.00002564579
0.000024978543
0.000024451518
0.000023568333
0.000022816048
0.000021657905
0.000020699641
0.000019561636
0.000018763447
0.000017724462
0.000017003478
0.000016158516
0.000015670088
0.000014968197
0.000014675047
0.000014299701
0.000014258521
0.000014066113
0.000014401731
0.000014667063
0.000015080844
0.00001498703
0.000015070924
0.0000148540785
0.000014784291
0.000014357855
0.000014182109
0.000013778573
0.000013764959
0.000013554541
0.000013549756
0.000013193772
0.000013099876
0.000012823645
0.000012986358
0.000013044971
0.000013548304
0.000013963027
0.000014823057
0.000015549922
0.000016557982
0.000017182518
0.000018045295
0.000018736657
0.000019818837
0.00002066057
0.000021789236
0.000022646542
0.000023786026
0.00002465365
0.000025834579
0.000026856067
0.000028322776
0.00002961317
0.0000313007
0.00003295626
0.000035152305
0.000037113805
0.000039235547
0.000041028055
0.00004318338
0.0000450666
0.000047156962
0.000048900383
0.00005094108
0.00005273577
0.000054809443
0.000056544486
0.00005853705
0.000060251386
0.00006231186
0.00006416676
0.000066459994
0.00006864676
0.0000711738
0.000073376235
0.000075912576
0.000078150486
0.00008062663
0.00008294303
0.00008579914
0.00008845098
0.00009135118
0.00009390494
0.000096693984
0.00009897486
0.000101297424
0.000103255166
0.000105532585
0.00010744928
0.000109624496
0.00011155627
0.00011380196
0.00011564979
0.000117712276
0.00011943751
0.00012146897
0.00012322931
0.00012533825
0.00012721277
0.0001294763
0.00013144113
0.00013365273
0.0001355378
0.00013775982
0.00013962593
0.0001415997
0.00014307551
0.00014484403
0.00014639407
0.00014832901
0.00014996163
0.00015190641
0.00015359948
0.00015564376
0.00015729874
0.00015912461
0.0001605466
0.00016233207
0.00016390119
0.00016585995
0.0001674901
0.00016924256
0.00017048045
0.00017207031
0.00017338913
0.00017487457
0.00017589427
0.00017724659
0.00017836339
0.00017980782
0.00018080582
0.00018204849
0.00018300748
0.000184321
0.00018525204
0.00018638997
0.00018712095
0.00018812131
0.00018867961
0.00018947103
0.00018999576
0.00019090074
0.00019132782
0.0001919763
0.00019246449
0.00019345332
0.0001940589
0.00019492189
0.00019550163
0.00019649377
0.00019721113
0.00019836224
0.0001992472
0.0002003938
0.00020115178
0.00020237485
0.00020340958
0.00020479118
0.00020578581
0.0002071218
0.00020817309
0.00020956915
0.00021059791
0.0002119643
0.00021300436
0.00021439903
0.00021541379
0.00021675415
0.00021783025
0.0002192897
0.00022039223
0.00022192266
0.00022319854
0.0002248075
0.00022603366
0.00022755949
0.00022873018
0.00023032018
0.00023161861
0.00023333877
0.000234853
0.00023685895
0.0002385266
0.0002404214
0.00024190194
0.00024385746
0.000245607
0.00024781338
0.00024986497
0.00025252326
0.00025486166
0.0002573957
0.00025946027
0.00026180907
0.000263704
0.0002658956
0.00026775044
0.000270087
0.00027226418
0.00027499677
0.0002774433
0.00028017067
0.00028237983
0.00028482455
0.00028686257
0.00028934845
0.00029152536
0.00029399397
0.00029614323
0.00029888845
0.00030128442
0.00030362644
0.0003051701
0.0003070739
0.00030871015
0.00031061965
0.00031209766
0.0003140375
0.0003156515
0.0003175668
0.0003189373
0.000320489
0.00032152815
0.00032285252
0.0003238863
0.00032554672
0.0003269651
0.00032871412
0.0003300201
0.0003317035
0.00033303822
0.0003347128
0.0003359247
0.00033748106
0.00033862377
0.000340079
0.0003410573
0.00034228544
0.0003429242
0.00034385317
0.0003445351
0.00034576774
0.0003466582
0.00034791362
0.0003487854
0.00035017723
0.0003514261
0.00035322117
0.000354581
0.0003562285
0.00035749708
0.0003592048
0.0003604665
0.00036210232
0.0003633535
0.00036484326
0.00036571952
0.00036693236
0.00036778935
0.00036896125
0.00036961117
0.00037072768
0.00037158414
0.00037284635
0.0003736372
0.00037471575
0.00037531415
0.00037634576
0.00037693014
0.00037782683
0.00037842614
0.00037959247
0.00038031585
0.00038128096
0.00038170707
0.0003824609
0.0003826799
0.00038324957
0.00038363598
0.00038471736
0.00038553265
0.00038696142
0.0003883283
0.00039031863
0.00039187545
0.00039387684
0.0003955848
0.000397681
0.00039914274
0.00040084505
0.0004021612
0.00040389344
0.00040496106
0.00040625103
0.00040725272
0.00040884412
0.00040988097
0.00041103992
0.00041170794
0.00041299008
0.00041401776
0.00041555957
0.000416716
0.00041827373
0.00041939793
0.00042095463
0.00042197737
0.0004231983
0.00042381915
0.00042487527
0.00042551802
0.00042652045
0.00042699307
0.00042767948
0.00042775946
0.00042838277
0.0004286711
0.00042922905
0.00042918505
0.00042954303
0.00042946797
0.0004298314
0.0004297589
0.00043016623
0.00043013127
0.0004305129
0.00043051917
0.00043089472
0.00043045176
0.0004300183
0.00042894672
0.00042831647
0.0004272347
0.00042649836
0.00042517402
0.00042430992
0.00042314656
0.00042239984
0.0004209961
0.00041994342
0.00041843657
0.0004173175
0.00041569246
0.00041454734
0.00041283213
0.0004110776
0.0004083416
0.00040585737
0.00040279224
0.000399851
0.00039609688
0.00039270145
0.0003889679
0.0003857535
0.0003820427
0.00037878397
0.00037501787
0.00037161287
0.00036772338
0.00036452964
0.00036120773
0.00035839534
0.00035500375
0.00035206325
0.00034836982
0.00034447102
0.0003396509
0.00033528256
0.00033055482
0.00032632344
0.0003216241
0.0003175336
0.00031308093
0.00030901542
0.00030433715
0.00030009993
0.0002955514
0.0002917834
0.00028779227
0.00028447525
0.0002810067
0.00027831158
0.0002750092
0.00027181293
0.00026799593
0.00026467646
0.0002608112
0.0002573912
0.00025357615
0.00025040985
0.0002469004
0.00024397335
0.00024052814
0.00023734244
0.00023349117
0.0002302743
0.00022691763
0.00022441214
0.00022173065
0.00021986282
0.00021798484
0.00021710336
0.00021595074
0.00021520424
0.0002138818
0.0002132112
0.00021217414
0.00021162628
0.00021059328
0.00020994003
0.00020848778
0.0002074144
0.0002059164
0.00020493225
0.00020337675
0.00020236749
0.00020127898
0.00020125796
0.00020085934
0.00020085528
0.00020055372
0.00020128973
0.00020191213
0.00020312231
0.00020386114
0.00020521178
0.00020595682
0.00020701812
0.00020759764
0.00020880868
0.00020936305
0.0002103411
0.00021111566
0.000212649
0.00021350074
0.00021465532
0.00021532566
0.00021673094
0.00021787795
0.0002198322
0.0002214637
0.00022361844
0.00022520409
0.00022741039
0.00022919464
0.00023152013
0.0002331358
0.0002348694
0.0002357827
0.00023720687
0.00023801358
0.00023895467
0.00023905322
0.00023985362
0.00024030863
0.00024113056
0.0002412552
0.00024196692
0.0002422307
0.00024308891
0.00024340978
0.00024441938
0.00024526185
0.00024680275
0.00024761367
0.00024870594
0.00024899858
0.0002495658
0.00024932207
0.00024947853
0.00024913062
0.0002492829
0.00024865547
0.00024841973
0.00024758463
0.00024719676
0.00024612574
0.00024558342
0.00024435832
0.00024337776
0.00024163394
0.00024049894
0.00023901925
0.00023817815
0.00023667062
0.00023580762
0.00023474985
0.0002344325
0.00023338648
0.00023275666
0.00023162774
0.0002310536
0.0002297158
0.00022898005
0.0002278636
0.00022722325
0.00022600117
0.00022582531
0.00022550016
0.00022543919
0.00022423203
0.00022356876
0.00022258941
0.0002221894
0.0002211291
0.0002206293
0.00021963063
0.00021941247
0.00021856802
0.0002178968
0.000216244
0.00021495624
0.00021309718
0.00021204767
0.0002106231
0.00020989339
0.00020857737
0.00020783907
0.00018114061
0.00018035455
0.00017839985
0.00017672489
0.00017475929
0.00014995303
0.00014884277
0.00014841871
0.00014742561
0.0001469978
0.00014587467
0.00014520122
0.000117707394
0.0001171497
0.000115794894
0.000114855895
0.000113489965
0.000112907204
0.0001113282
0.00010952917
0.00010668519
0.00010460945
0.00010200798
0.00009981765
0.00009689239
0.00009464275
0.000091810616
0.00008935087
0.00008585349
0.000082576575
0.00007860544
0.00007521467
0.00007155275
0.00006924644
0.000066609115
0.000065134656
0.000062477644
0.000060803435
0.00005786641
0.00003035964
0.000026939711
0.000024962668
0.000022157901
0.000020102289
-0.000008426809
-0.000010813346
-0.000013807246
-0.000017963064
-0.000021109183
-0.000024364279
-0.000027249838
-0.000030381185
-0.000032732263
-0.000035124835
-0.000037304868
-0.000039656024
-0.000041888947
-0.000044418455
-0.000046639845
-0.000049342543
-0.000051965508
-0.000054116786
-0.00005676302
-0.000059496575
-0.00006127703
-0.000063480016
-0.00006446551
-0.000064901775
-0.000067376284
-0.000066942746
-0.00006832154
-0.00006772568
-0.000067075394
-0.00006443307
-0.00006477449
-0.00006046521
-0.000060323742
-0.000058268815
-0.000059579554
-0.000055657973
-0.00005497597
-0.000056237615
-0.00005283081
-0.000051998566
-0.000052220003
-0.000049753256
-0.00005155567
-0.0000487392
-0.00004759916
-0.000046632562
-0.000046534886
-0.00004578705
-0.000043603355
-0.00004161411
-0.000038050563
-0.00003657519
-0.000030955613
-0.000029525268
-0.00002721953
-0.000048842012
-0.000047446847
-0.000047538535
-0.00004431235
-0.000044046395
-0.000040523882
-0.00004075007
-0.000039447008
-0.00003867978
-0.000033455686
-0.000034826848
-0.00003349277
-0.000032182623
-0.00003216792
-0.000030887575
-0.000029278595
-0.000028357581
-0.000026512467
-0.000026219062
-0.00002500287
-0.000024281462
-0.000021835907
-0.000023160292
-0.000018374238
-0.000019686582
-0.0000149695215
-0.000015868996
-0.000012299234
-0.000012024202
-0.00001029997
-0.000011874106
-0.000011255518
-0.000012918038
-0.000012952371
-0.0000126333325
-0.000010211107
-0.000009562578
-0.000009297282
-0.000008159327
-0.00000856859
-0.000007757793
-0.0000086625705
-0.000007302957
-0.000007387818
-0.000006488939
-0.0000070728574
-0.0000058770847
-0.0000060254033
-0.0000057443576
-0.000005937191
-0.0000055674923
-0.0000054937136
-0.0000056100553
-0.0000051303264
-0.0000054667057
-0.0000052114424
-0.0000064593446
-0.0000052081273
-0.0000054839793
-0.00000515409
-0.0000054291622
-0.000005536105
-0.0000052141677
-0.0000051765405
-0.0000045732304
-0.0000046253467
-0.0000041260123
-0.0000048561187
-0.0000044601006
-0.000004476588
-0.0000033396775
-0.0000036925005
-0.0000029600067
-0.000003851381
-0.0000027193419
-0.0000028501042
-0.0000019480715
-0.0000025153574
-0.0000019641852
-0.000002770298
-0.0000021620851
-0.000002244565
-0.0000019145764
-0.0000020009843
-0.0000020972195
-0.0000021223818
-0.0000024927263
-0.0000024431106
-0.0000027257042
-0.0000015455887
-0.0000012173648
-0.0000012210269
-0.0000012250299
-0.0000010350375
-0.0000010174481
-0.0000011530216
-0.0000011220657
-0.0000010676043
-0.0000009970812
-0.0000009956453
-0.00000093374615
-0.0000010183251
-0.0000010089161
-0.00000070066545
-0.0000007002366
-0.00000038363078
-0.00000039744873
-0.00000040013157
