0.000024909397
0.000024786685
0.000024666937
0.00002455011
0.000024436167
0.000024325065
0.000047621223
0.000047416732
0.000047217418
0.000047023197
0.000046833993
0.000046649733
0.000072117306
0.00007183319
0.00007155634
0.00007128666
0.000071024086
0.00007076849
0.00007051982
0.00007027798
0.00007004291
0.00006981454
0.00006959283
0.00006937772
0.00006916916
0.00006896713
0.00006877158
0.00006858248
0.000068399815
0.000068420806
0.00006789922
0.000068072804
0.00006762674
0.00006767035
0.00006733328
0.00006726289
0.000067036446
0.000067016736
0.00009140688
0.00009127873
0.00009100139
0.00009093559
0.000090677946
0.00011589815
0.00011531004
0.00011526457
0.00011498141
0.000114792914
0.000114829454
0.00011465394
0.00011434875
0.000114118
0.00011363334
0.00011325571
0.00011359653
0.000112767324
0.000113061695
0.00011233325
0.00011262962
0.00011204326
0.000112359994
0.00011137524
0.00011166532
0.00011165696
0.000111158595
0.00011183773
0.00011121065
0.00011082742
0.000111086454
0.000110118126
0.000110379806
0.00010873537
0.000107837004
0.000106931824
0.000106463136
0.00010625533
0.00010522177
0.000107841675
0.0001058262
0.00010781357
0.00010426299
0.00010741147
0.00010639039
0.000107631495
0.00010768314
0.000110324174
0.00011048472
0.00011272784
0.00011082454
0.000117365555
0.0001152341
0.00012177119
0.00011834807
0.00012413361
0.000120382625
0.00012879798
0.00012396314
0.00013027966
0.00015205983
0.000157497
0.00015512729
0.00016224686
0.00015882814
0.00016371813
0.00016004646
0.00016643506
0.00016428898
0.00016750861
0.00016726433
0.0001721561
0.00017097595
0.00017954863
0.00017900404
0.00018463285
0.0001865789
0.0001897623
0.00019218396
0.0001948902
0.0001984501
0.00019948563
0.00020069703
0.0001978981
0.00020003074
0.00019703397
0.00019728715
0.0001956964
0.00019703447
0.0001952735
0.000198797
0.00019746316
0.00020241951
0.00020070699
0.00020507611
0.00020059214
0.000203803
0.00020174995
0.00020240934
0.00019980806
0.00019919597
0.00019760134
0.00019636897
0.00019505706
0.0001925712
0.0001917657
0.00019016121
0.00018792487
0.00018594925
0.00018378436
0.00018260708
0.00018077399
0.00017886453
0.00017783986
0.00017499592
0.00017176272
0.00016927124
0.00016486432
0.00016139184
0.00015619982
0.00015221689
0.00014707226
0.00014469851
0.00013901386
0.00013656482
0.00012992845
0.00012745237
0.00012107564
0.0001173859
0.00011142296
0.000108618646
0.00010374861
0.00010197679
0.00009825241
0.00009607224
0.000090347115
0.00008610528
0.00008119129
0.000079003716
0.00007409233
0.00007203738
0.000068519395
0.00006768293
0.0000644608
0.00006324326
0.000059469152
0.000057839083
0.0000556635
0.000055023913
0.000053662916
0.000053970296
0.00005347072
0.000053048203
0.000052236406
0.00005283795
0.00005232627
0.000052361946
0.00005187002
0.000052519135
0.000052283558
0.00005238979
0.00005148545
0.000051143117
0.000050882518
0.000051203646
0.000051659652
0.000053015418
0.000053320906
0.000055207372
0.000057385016
0.00006129584
0.000064908374
0.000069157715
0.000072827126
0.00007759934
0.00008189888
0.000086933615
0.00009178933
0.00009837637
0.00010416027
0.00010978901
0.00011503181
0.00012153143
0.00012657947
0.00013207154
0.00013832521
0.00014700377
0.00015550574
0.00016430707
0.00017166558
0.00017949502
0.00018666431
0.00019407549
0.00019994345
0.00020617856
0.00021166535
0.00021731149
0.00022150477
0.00022643706
0.00023037722
0.00023410439
0.00023674275
0.0002404187
0.0002431065
0.0002456752
0.0002471639
0.00025000412
0.00025282468
0.00025627343
0.0002583067
0.00026089663
0.00026263358
0.00026425498
0.00026396883
0.00026338783
0.00026120932
0.00025900136
0.00025538026
0.0002523224
0.00024823862
0.00024364813
0.00023665601
0.0002299081
0.00022312535
0.0002173812
0.00021061688
0.00020541053
0.00020064
0.00019689815
0.00019246833
0.00018896448
0.00018476926
0.0001816732
0.00017780054
0.00017376053
0.00016798089
0.0001622327
0.00015462666
0.00014732435
0.00013979746
0.0001329234
0.00012404051
0.00011535619
0.000106662235
0.000099201214
0.00009090954
0.00008440432
0.000078641315
0.00007459992
0.000070763395
0.000068702655
0.00006591881
0.00006309349
0.000059026086
0.00005632848
0.00005375321
0.00005199904
0.000048713777
0.000046163983
0.000043282813
0.000040873536
0.000036616897
0.000032374053
0.000027695727
0.00002459994
0.000020801415
0.000018086595
0.000015863892
0.00001540396
0.000013653755
0.0000121721005
0.00001074573
0.000010741619
0.000009101082
0.000007921863
0.000006820397
0.000007598846
0.000008291938
0.00000934516
0.0000083002415
0.0000073792817
0.0000052795854
0.000003434489
0.0000013085705
0.0000012213957
0.00000012564563
-0.0000010428104
-0.0000028901445
-0.0000038890057
-0.0000071625536
-0.000011020878
-0.000015028546
-0.000016578842
-0.00001839255
-0.00001986207
-0.000023335264
-0.00002723911
-0.00003287172
-0.000038863967
-0.000046741112
-0.00005370209
-0.000061042185
-0.000067901536
-0.000075827316
-0.00008252921
-0.00009056741
-0.00009923262
-0.00010947611
-0.000118241136
-0.00012744624
-0.00013698124
-0.00014799024
-0.00015669916
-0.00016466549
-0.00017144762
-0.00017909957
-0.00018598858
-0.00019448016
-0.00020286879
-0.00021139758
-0.00021787983
-0.00022463642
-0.00022955284
-0.00023430483
-0.00023796108
-0.00024249288
-0.0002468832
-0.00025308438
-0.00025765054
-0.00026146843
-0.00026395958
-0.0002667864
-0.00026732392
-0.00026819814
-0.00026872943
-0.0002700681
-0.00027016987
-0.00027152128
-0.0002724847
-0.00027320825
-0.00027112084
-0.00026919084
-0.00026712773
-0.00026689997
-0.00026487675
-0.00026114177
-0.0002555755
-0.00025184365
-0.0002472167
-0.00024236053
-0.00023690327
-0.0002333915
-0.00022858172
-0.00022324339
-0.00021619962
-0.00020992172
-0.00020200192
-0.00019360273
-0.0001840789
-0.00017553731
-0.00016453314
-0.0001521161
-0.00013773145
-0.0001247618
-0.000112004614
-0.00010104595
-0.00009000828
-0.00008047887
-0.00007065784
-0.00006203756
-0.00005270484
-0.000046146386
-0.000040909
-0.000036133817
-0.00003015163
-0.000027165364
-0.000023621005
-0.000017991666
-0.000009296258
-0.0000018588037
0.0000056912313
0.000011746195
0.000017891027
0.000022147146
0.000026332093
0.000028609518
0.00003027746
0.000029043038
0.000026745203
0.000022355325
0.000018315071
0.000011531303
0.0000037238647
-0.0000048709912
-0.000012415922
-0.000022871902
-0.000034672295
-0.000047747275
-0.000059008657
-0.0000701846
-0.00007998672
-0.00009124798
-0.00010276473
-0.00011688586
-0.00013179691
-0.00014884195
-0.00016668966
-0.00018736617
-0.0002075525
-0.00022774638
-0.00024593488
-0.00026495013
-0.00028322218
-0.00030145296
-0.00031687223
-0.0003321196
-0.00034687214
-0.00036225474
-0.00037419406
-0.0003857203
-0.00039629
-0.00040539438
-0.00041161425
-0.00042125728
-0.00043318665
-0.00044665238
-0.00045920684
-0.00047354482
-0.00048733217
-0.0005011859
-0.00051196147
-0.0005226287
-0.00053487736
-0.000551705
-0.0005680833
-0.00058316794
-0.0005963771
-0.000610534
-0.00062161265
-0.0006317549
-0.00064117817
-0.0006511933
-0.0006588431
-0.0006676795
-0.0006773069
-0.00068786944
-0.0006944526
-0.00069871603
-0.0007010866
-0.00070446084
-0.0007050144
-0.00070456456
-0.000703295
-0.000702941
-0.0006996928
-0.00069446146
-0.00068592373
-0.0006765553
-0.0006634587
-0.0006489412
-0.0006339983
-0.0006224409
-0.00061082764
-0.00059942156
-0.0005882859
-0.00058089313
-0.00057257095
-0.00056428154
-0.0005558369
-0.00054898695
-0.0005422449
-0.00053900375
-0.00053575216
-0.00053199317
-0.00052475923
-0.0005150348
-0.000501942
-0.00049150374
-0.00048248118
-0.00047416243
-0.00046469708
-0.0004579314
-0.00045032715
-0.00044071063
-0.00042843903
-0.00041842271
-0.0004086838
-0.00040212937
-0.00039823365
-0.00039669863
-0.0003928829
-0.00038938006
-0.0003862482
-0.0003853792
-0.00038263272
-0.00037875198
-0.00037371423
-0.0003719075
-0.00036945127
-0.00036568393
-0.00035957736
-0.00035565882
-0.00035245297
-0.00034901526
-0.00034172105
-0.00033480235
-0.00032688392
-0.00031840123
-0.00030934263
-0.0003064766
-0.0003072102
-0.0003074592
-0.0003040186
-0.00030225256
-0.000298717
-0.00029280715
-0.00028410138
-0.00027737394
-0.0002728665
-0.0002712807
-0.00026628876
-0.00025998996
-0.0002541131
-0.00025029003
-0.0002456551
-0.00024578025
-0.00024912585
-0.00025326898
-0.00025565826
-0.00026198814
-0.0002696838
-0.0002757756
-0.00027781804
-0.00028145488
-0.00028449093
-0.000286372
-0.00028278932
-0.00027581555
-0.00026794427
-0.00026467224
-0.00026249292
-0.00026163214
-0.0002608257
-0.00026101925
-0.00025787135
-0.0002549197
-0.00025245754
-0.00025126533
-0.00024581412
-0.00023783646
-0.00022895407
-0.00022073757
-0.00020777817
-0.00019383528
-0.00018077252
-0.00017039252
-0.00015908151
-0.0001504064
-0.00014390408
-0.00013971142
-0.00013631584
-0.0001388781
-0.00014489678
-0.00015565644
-0.00016812234
-0.00018129258
-0.00019460925
-0.00021277754
-0.00022953194
-0.00024341038
-0.00025449507
-0.0002640254
-0.00026714825
-0.00026862428
-0.00026891718
-0.0002665443
-0.00025772786
-0.00024989262
-0.00024658281
-0.00024700144
-0.0002433234
-0.00023665403
-0.00022814354
-0.00022278879
-0.00021531155
-0.00020450518
-0.0001948541
-0.00019374986
-0.00019287299
-0.00018675649
-0.00017473636
-0.00016036075
-0.00013881731
-0.00011369523
-0.00008941145
-0.00007119333
-0.000053191336
-0.000035065303
-0.00002013651
-0.0000126036975
-0.000004371433
0.0000065226786
0.00001988899
0.000030041034
0.000037804686
0.000041189895
0.000041525167
0.00003724075
0.000031270636
0.00002605598
0.000029657906
0.000037928898
0.000050238756
0.00006879275
0.00009064942
0.00010277945
0.00011088065
0.00012306553
0.00013971113
0.00015319262
0.00016666585
0.00017982247
0.00019159698
0.00019407501
0.00018517788
0.00016550571
0.00014411652
0.00012512601
0.00011170141
0.000102098405
0.00009839158
0.000093142706
0.00008756114
0.00008718476
0.00009462947
0.00010133557
0.00010862781
0.00011997358
0.00013752442
0.0001542142
0.0001682201
0.0001781159
0.00018831683
0.00019567371
0.00019982136
0.00019950046
0.00019515223
0.00018452112
0.00017511535
0.0001718965
0.00017909463
0.0001898197
0.000201045
0.00021164122
0.00022575271
0.00024109088
0.00025841952
0.0002817948
0.00031825976
0.0003529763
0.00037651352
0.00039606716
0.00041454117
0.00041661624
0.00040626636
0.000397096
0.00039428068
0.00038704852
0.00036968198
0.00034001758
0.0003080934
0.00027865017
0.00024986087
0.00021730794
0.00018923554
0.00016918413
0.00015264841
0.00013554859
0.00012787385
0.00012502288
0.0001199272
0.00011477137
0.000117675416
0.000121261044
0.0001184702
0.00011061434
0.00011102007
0.00012126514
0.00013305842
0.00013675894
0.00013949577
0.00014181052
0.00013773669
0.00012299714
0.000104340084
0.00008634759
0.00007136525
0.00005716585
0.000050638537
0.00004968381
0.00004416439
0.000025757588
0.000007396136
0.0000017809757
0.0000046979744
0.000005665415
0.000013719994
0.000026117788
0.000032178636
0.000030380716
0.000024028686
0.00001021156
-0.000004205362
-0.000020230827
-0.000043269032
-0.00007392623
-0.000106977954
-0.00014501842
-0.00017549824
-0.00018604676
-0.0001851731
-0.00019320463
-0.00020464118
-0.00020577546
-0.00020211432
-0.00020547923
-0.0002040966
-0.00019369209
-0.0001785297
-0.00015890802
-0.00013365685
-0.00011372069
-0.00010635809
-0.00010697863
-0.0001001806
-0.00008361728
-0.000069500085
-0.00007054902
-0.00007463702
-0.00007014283
-0.00006035553
-0.000056378693
-0.000056122368
-0.000046809262
-0.000025679872
-0.000011405966
-0.000006212729
0.0000038349785
0.000020520538
0.000022337092
0.000007757035
0.00000015976478
0.000003127273
-0.0000043915693
-0.00001641571
-0.000015707508
0.0000068230675
0.000049204773
0.00009573804
0.00013618075
0.00018057272
0.0002241727
0.00025872904
0.00030454883
0.0003787063
0.00045411184
0.00050996046
0.0005552384
0.0005862572
0.00057235756
0.00051326404
0.00045165935
0.00041700483
0.0004019349
0.0003949585
0.00038544522
0.0003778442
0.00038136134
0.00038744425
0.00038881664
0.0003980403
0.00042165248
0.00045223252
0.0004932113
0.0005573833
0.00063444884
0.00070554705
0.0007668553
0.0008243961
0.0008631074
0.0008537238
0.0008066268
0.00076000456
0.00072412746
0.0006902197
0.000660013
0.0006316491
0.0005810953
0.0004966636
0.00040504202
0.00032176205
0.00024469916
0.00019063495
0.00016637259
0.00016883212
0.00020125933
0.00023676304
0.0002505717
0.00026546424
0.00029394845
0.00030745627
0.0002994399
0.00028351866
0.0002456157
0.0001684839
0.00007200452
-0.000021653601
-0.00011206258
-0.00019112507
-0.00021746285
-0.00017283019
-0.000086078035
-0.000007443717
0.000038431528
0.000098930206
0.00022325295
0.00035604642
0.00043461839
0.00048782182
0.0005640511
0.00063134375
0.0006533596
0.000658833
0.00067998806
0.0006854277
0.0006281935
0.0005096153
0.0003492736
0.00012680006
-0.00014074627
-0.00037505568
-0.0005136783
-0.0005632841
-0.00055376336
-0.00050113
-0.00041614173
-0.00032677964
-0.00023824837
-0.00015373278
-0.00005795569
0.00003954045
0.000053734897
-0.000044827226
-0.0001446689
-0.00021277652
-0.00031217173
-0.0004308988
-0.000496572
-0.0005261133
-0.000589398
-0.00073387014
-0.00094052614
-0.0011316512
-0.0012150959
-0.0011853499
-0.00109351
-0.00097058853
-0.00080600847
-0.0006503202
-0.00056528155
-0.0005759135
-0.0006689084
-0.00074855075
-0.00070506573
-0.0006124055
-0.00062081765
-0.00078288506
-0.0010079811
-0.0011912963
-0.0012505698
-0.0011600051
-0.00094210316
-0.00069194386
-0.00054015487
-0.0005768433
-0.0007528605
-0.0009604657
-0.0010712493
-0.001027168
-0.00084680866
-0.0006152122
-0.0004295641
-0.0003652452
-0.00043857552
-0.0006473342
-0.00093007484
-0.0012110906
-0.0013326049
-0.0012566524
-0.0012058921
-0.0012353031
-0.0010322401
-0.00064848614
-0.00055124663
-0.0008746131
-0.0012188671
-0.001325522
-0.0013424628
-0.00145302
-0.0014727181
-0.0011570145
-0.00066720945
-0.00050644926
-0.0008062242
-0.0012245942
-0.0015201715
-0.0018585921
-0.0021827088
-0.0022096408
-0.0019400411
-0.0015286776
-0.000980458
-0.0004595097
-0.00031752628
-0.00078771706
-0.0015143021
-0.0018460549
-0.0015291614
-0.00095374224
-0.0005072739
-0.00023277345
-0.000065998975
-0.000098060395
-0.0002782026
-0.00040544834
-0.00028218684
-0.00005156858
-0.000026264766
-0.00024458475
-0.00021836028
0.00015444141
0.00014693102
-0.0005518818
-0.0011696792
-0.0012130402
-0.0006390284
0.00012542793
0.00027364097
-0.00017952688
-0.00046301718
-0.00043099577
0.00002253422
0.0006634393
0.0006142054
0.00015406917
0.0005638907
0.0014214449
0.0015162544
0.0010672627
0.0011524026
0.0018110406
0.0017185351
0.00015540261
-0.001219272
-0.0011876369
-0.00021405629
0.00054939557
0.00021979302
-0.00019379689
0.00053770613
0.0010139206
0.00041601656
0.00021691372
0.0009138172
0.0010223455
0.0005364937
0.0003251596
0.00070018903
0.0014195117
0.001485429
0.001403845
0.0017348139
-0.00036182758
-0.0033220737
-0.0019792663
0.0022292866
0.00398252
0.0016435571
-0.0009729191
-0.000019872834
0.0019862403
0.0020874639
0.0021681648
0.0035874632
0.0030697738
0.00055750005
-0.0007228602
0.0027082097
0.00809981
0.004608648
-0.0037475594
-0.002013975
0.0034714742
0.0011032738
0.0011212003
0.0051187947
0.0016999553
-0.0006956877
-0.0010914828
-0.006035453
-0.005760145
0.0013620765
0.0030779957
-0.00046740702
-0.0030736546
0.0001961769
0.0004285485
-0.0030887988
-0.0015538846
-0.0010755777
-0.0010339572
-0.0036986081
-0.008837376
-0.002927241
0.011732395
0.012393059
-0.0013463342
-0.002763473
0.007844029
0.0058430457
-0.0026887697
0.001307315
0.005672869
0.0006055167
0.00014565156
0.008141112
0.002808492
-0.007343385
0.0026885155
0.0023179727
-0.00069327315
0.0016365335
-0.011653893
-0.007590119
0.017344432
0.009482938
-0.013019999
-0.00084756134
0.023935935
0.021269025
-0.004847583
-0.003470966
0.004931236
-0.0038187583
0.00568464
0.007399114
-0.015469038
-0.002580253
0.005354267
-0.0074601145
0.032388452
0.03305277
-0.0353778
0.054968942
0.21996166
0.1882736
0.01823795
-0.03590258
-0.0018833397
0.03252749
-0.0019778698
-0.05661324
-0.0038798337
0.036873884
-0.003902828
-0.047681533
-0.013592709
-0.0072871954
-0.01859498
0.0049469336
0.01297652
-0.01514428
-0.0315334
-0.021662222
0.0017899891
-0.026291598
-0.019019702
0.02321546
-0.0013283229
-0.022516945
0.006758994
-0.018962251
-0.055754386
-0.008447175
-0.010556928
-0.053778905
-0.021208502
0.034894895
0.02801293
-0.024768936
-0.033455554
-0.016047096
0.0050485325
-0.0041272226
-0.018658923
-0.032004014
-0.034150828
-0.009592167
0.01881042
0.011856206
-0.050885674
-0.051814847
0.00004682842
0.016578997
-0.00075491314
-0.039783694
-0.053510603
-0.034879103
-0.0022563299
0.021459024
-0.027191367
-0.039798953
0.021672232
0.009095388
-0.038438126
-0.012072495
0.0024533758
-0.022714749
-0.02301524
0.005490028
-0.0067876275
-0.029651675
-0.008464548
0.011291143
-0.0035069196
-0.027647406
-0.028516743
0.0017333657
0.026531534
0.0035211416
-0.021543492
-0.014768623
-0.0012558483
-0.0020537383
-0.0057674833
-0.013682217
-0.007778032
0.0089813145
0.0049066623
-0.0033610007
-0.0043655024
-0.0072191083
-0.022356462
-0.021388737
-0.004329632
0.008324856
0.0034419459
-0.0014793347
-0.00924526
-0.016679369
-0.0036763342
0.007552987
0.0015576875
-0.0043579508
-0.002885716
-0.003860109
-0.014498279
-0.02214396
-0.010740704
0.003627274
-0.0011863818
-0.010488943
-0.0034996837
0.012762659
0.007321457
-0.0076955683
-0.008523469
-0.0016513511
-0.00035337207
-0.0037750357
-0.008374899
-0.0039530606
0.0024348218
-0.0049422123
-0.010780109
-0.0055210027
-0.0016543737
0.000016977587
-0.00030997617
0.00021948745
0.0029537615
0.00036500936
-0.003156288
-0.0015833083
-0.0014311898
-0.0022316857
-0.0014350854
-0.00067933963
0.00024765244
0.0013396189
0.0019566002
0.0012317688
-0.0014614456
-0.0029570058
-0.0000971476
0.003117975
0.001964303
-0.0013575869
-0.0025500443
-0.0013020982
0.00038160384
0.000661556
-0.00066756515
-0.00037965886
0.0029050095
0.0052448264
0.004822568
0.0036613503
0.0034112975
0.0047128107
0.0053596604
0.0026268337
-0.0010934654
-0.0021918674
-0.0013945007
-0.0006808728
-0.00045924901
0.00020408092
0.001995564
0.0039663245
0.0045515588
0.0036478206
0.0027554503
0.0029905455
0.0036491319
0.0037877904
0.0032520154
0.0026034007
0.0024144822
0.0026250046
0.0028486222
0.0031164233
0.0034308115
0.003472574
0.0031161788
0.0028308716
0.0028321622
0.0029096098
0.002842443
0.0029071828
0.0034684574
0.0042000767
0.0043516057
0.0038565623
0.0031045647
0.002671262
0.0027286469
0.0029509275
0.0031225746
0.003389819
0.003655399
0.003749977
0.0036523305
0.0034745685
0.0032290071
0.0030191264
0.0029271098
0.003002271
0.0031451352
0.0033065965
0.003488855
0.0036784636
0.0036964435
0.0036041639
0.0036112864
0.00382424
0.0041162544
0.004386277
0.004554614
0.0046247547
0.0045428616
0.0043064225
0.0039315433
0.0036405593
0.0035746442
0.003656863
0.0037677323
0.003961832
0.0041356767
0.0042094686
0.004188025
0.004120846
0.003997038
0.003891492
0.003771486
0.0036380994
0.00357404
0.003664856
0.003752528
0.003662572
0.0034277036
0.0033135505
0.003361144
0.003472268
0.003538885
0.0035820918
0.0036279678
0.003682028
0.0036402356
0.0035118305
0.003361934
0.0032600688
0.003203153
0.0032486934
0.0033391318
0.00340155
0.003391422
0.003397207
0.0035001393
0.0037027446
0.0038438237
0.0038896943
0.0038897945
0.0039169844
0.003940123
0.0039290516
0.0038428714
0.003739511
0.0036680368
0.0036724922
0.0037029332
0.0037602754
0.0038095086
0.0038150386
0.003791445
0.0038357915
0.0038714213
0.0038183897
0.0036882325
0.003572865
0.0034737235
0.003409227
0.0033536707
0.0033090694
0.0032604802
0.0032421623
0.0032657941
0.0033561783
0.003468637
0.0035808776
0.0036480126
0.0036989194
0.003711996
0.003654431
0.003521095
0.003416572
0.0033732303
0.003383438
0.0033976268
0.003412334
0.0034103144
0.0034193562
0.0034120334
0.0033891546
0.003345549
0.003318228
0.0033217953
0.0033655558
0.0033839638
0.0033768595
0.0033461128
0.003307079
0.003235714
0.0031577996
0.0030818214
0.0030357307
0.0030027488
0.00299241
0.0029812965
0.0029867778
0.002986087
0.002961361
0.002913215
0.002903709
0.002907904
0.002911759
0.002916915
0.0029478134
0.002963688
0.0029569075
0.002910796
0.0028602425
0.0028234771
0.0028103283
0.0027724423
0.002710249
0.0026365938
0.002585399
0.002530363
0.0024916246
0.002477603
0.0024879077
0.0024913147
0.0025180592
0.0025668095
0.0026283404
0.0026635025
0.0026884403
0.0027120418
0.0027531786
0.0027721059
0.002769925
0.0027476153
0.0027185723
0.002668918
0.0026197482
0.002561885
0.002507084
0.002442199
0.0023921484
0.0023664318
0.0023737156
0.0023715459
0.0023632646
0.0023642427
0.0024015154
0.0024319245
0.002443583
0.0024330956
0.0024184487
0.002395047
0.0023860575
0.0023684797
0.0023400153
0.0022944284
0.0022525273
0.0022128837
0.0022038883
0.002208672
0.00221711
0.0022112564
0.0022077942
0.0021940668
0.0021757702
0.0021442012
0.002119218
0.0020921235
0.0020799725
0.0020677482
0.0020411282
0.0019779203
0.001906288
0.0018287431
0.0017548773
0.0016757352
0.0016129158
0.0015675155
0.0015538821
0.0015441016
0.0015337133
0.0015138158
0.0015013602
0.0014902792
0.0014892528
0.0014829452
0.0014842069
0.0014765516
0.0014588446
0.0014276608
0.0014088181
0.0013854615
0.0013500158
0.0012967451
0.0012539814
0.0012065494
0.0011547633
0.001098052
0.0010578155
0.0010253385
0.0010027013
0.0009674311
0.00093218574
0.0008986138
0.0008727884
0.00083861384
0.00081403827
0.0007884237
0.00075954956
0.00071921025
0.00068687083
0.0006491115
0.0006052716
0.0005521308
0.0005174235
0.00049224123
0.00047613317
0.00045429327
0.0004367802
0.00042019712
0.00041817367
0.00041823488
0.00042858755
0.00044153616
0.00046027097
0.000469583
0.00048450296
0.0004972095
0.000508725
0.0005025316
0.000489187
0.00046842813
0.00044911957
0.00041197677
0.00036662287
0.00031312802
0.00026521043
0.00021460028
0.00016867847
0.00011537186
0.00006428279
0.000015128473
-0.000016824568
-0.0000463773
-0.000068738475
-0.000091261136
-0.00010733476
-0.000121811885
-0.00011756236
-0.00010907606
-0.00009752627
-0.000091601396
-0.00008267084
-0.00008105003
-0.000074238334
-0.00007142738
-0.00007219275
-0.00008496517
-0.00009052618
-0.00008978081
-0.000080772974
-0.00008119839
-0.000081268634
-0.00008449112
-0.00008216528
-0.00008811447
-0.00009614441
-0.0001047585
-0.000099256176
-0.000096317744
-0.00009480444
-0.000098272365
-0.000097178425
-0.000103539925
-0.00010499653
-0.0001023676
-0.000087709865
-0.00007570663
-0.000060624705
-0.000042695676
-0.000011956378
0.000012858932
0.00003377576
0.00004610185
0.000060582435
0.000069312075
0.00008012227
0.000086069835
0.00009438635
0.00009645171
0.00009898642
0.00009226224
0.00008568687
0.00007336809
0.00006040423
0.000043339463
0.000036113164
0.000023985973
0.000006947771
-0.00001721162
-0.000036716716
-0.00006409735
-0.000093968556
-0.00012979402
-0.00015873769
-0.0001851026
-0.00020406797
-0.00022850219
-0.00025415528
-0.00028688493
-0.0003167474
-0.00035077572
-0.00037833134
-0.0004046767
-0.00042772392
-0.00045799973
-0.0004848049
-0.0005132402
-0.0005378712
-0.0005660037
-0.0005880642
-0.00060825184
-0.00061921397
-0.0006331257
-0.0006466392
-0.00066628214
-0.00068427075
-0.0007050061
-0.0007203633
-0.0007414559
-0.00076429016
-0.0007946449
-0.0008223508
-0.0008530248
-0.00088154786
-0.000915713
-0.0009461477
-0.0009772123
-0.0010033078
-0.0010336116
-0.001058537
-0.0010839248
-0.001108942
-0.0011387253
-0.00115798
-0.001176259
-0.0011963642
-0.0012244591
-0.0012463259
-0.001264784
-0.0012742326
-0.0012852784
-0.0012931649
-0.0013021581
-0.0013048365
-0.0013092024
-0.0013085613
-0.0013069345
-0.0012979684
-0.0012918648
-0.0012819243
-0.0012735997
-0.0012653513
-0.0012670165
-0.0012685941
-0.0012734532
-0.0012769528
-0.0012873458
-0.0012967992
-0.001308324
-0.0013139588
-0.0013225426
-0.0013288248
-0.0013371794
-0.0013406655
-0.001344358
-0.0013409016
-0.0013376282
-0.0013301354
-0.001326599
-0.0013207985
-0.0013156894
-0.0013038837
-0.0012953425
-0.0012872108
-0.0012828622
-0.0012731181
-0.0012673151
-0.001261304
-0.0012577553
-0.0012493107
-0.0012431097
-0.0012342576
-0.0012302131
-0.0012234472
-0.0012166555
-0.0012046975
-0.0011956649
-0.0011828041
-0.0011734446
-0.0011644271
-0.0011598809
-0.0011511843
-0.0011459078
-0.0011409956
-0.0011407303
-0.0011369349
-0.001137203
-0.0011364165
-0.0011389112
-0.00114009
-0.0011462298
-0.0011483447
-0.0011496872
-0.0011462822
-0.001146723
-0.001145613
-0.001146258
-0.0011418037
-0.0011411594
-0.0011404011
-0.0011427676
-0.0011413712
-0.0011432113
-0.0011449199
-0.0011525075
-0.0011583922
-0.001167957
-0.0011765285
-0.0011872274
-0.0011916128
-0.0011970055
-0.001201183
-0.0012077458
-0.0012074604
-0.0012079983
-0.0012077601
-0.0012124425
-0.0012154821
-0.0012200179
-0.0012189053
-0.0012195314
-0.0012187065
-0.0012219358
-0.0012250135
-0.0012335532
-0.0012391183
-0.0012457654
-0.0012496687
-0.0012552121
-0.001254484
-0.0012535373
-0.0012514484
-0.0012559708
-0.0012603486
-0.0012683589
-0.0012739443
-0.0012821808
-0.0012882345
-0.0012965379
-0.0013017865
-0.0013109263
-0.0013189324
-0.0013289471
-0.0013359732
-0.0013461643
-0.0013522947
-0.0013580392
-0.0013604941
-0.0013676736
-0.0013739591
-0.0013810334
-0.0013840353
-0.0013918122
-0.0013998965
-0.0014112256
-0.001420119
-0.0014315184
-0.0014396631
-0.0014496695
-0.0014579789
-0.0014695291
-0.0014782915
-0.0014901516
-0.0015004271
-0.0015125986
-0.0015213627
-0.0015314167
-0.0015376733
-0.0015466723
-0.0015536533
-0.0015614181
-0.0015652579
-0.001571321
-0.001573416
-0.0015754501
-0.0015739823
-0.0015740381
-0.0015694891
-0.001565377
-0.0015594361
-0.0015571712
-0.0015511797
-0.0015444441
-0.0015330208
-0.0015241831
-0.0015148183
-0.0015081572
-0.0014980801
-0.0014907581
-0.0014824531
-0.0014762557
-0.001467136
-0.0014615858
-0.0014556511
-0.0014535118
-0.0014499502
-0.0014496414
-0.0014477674
-0.001447055
-0.0014420669
-0.0014393622
-0.0014354303
-0.001433825
-0.0014285585
-0.0014237951
-0.001415654
-0.0014092872
-0.0014001363
-0.0013922484
-0.0013811762
-0.0013720847
-0.0013601221
-0.0013502869
-0.0013403026
-0.0013335785
-0.0013227095
-0.0013140419
-0.0013065124
-0.0013033829
-0.0012975386
-0.0012934102
-0.0012873186
-0.0012838503
-0.0012787078
-0.0012765159
-0.0012730497
-0.0012720001
-0.0012681618
-0.0012659217
-0.0012617153
-0.0012606082
-0.0012575871
-0.001257179
-0.0012570578
-0.0012616824
-0.0012645557
-0.001269079
-0.0012718361
-0.0012775582
-0.0012817796
-0.0012881048
-0.0012911964
-0.0012951229
-0.0012960355
-0.0012984873
-0.0012982945
-0.0012986017
-0.0012949562
-0.0012932698
-0.001290333
-0.0012899223
-0.0012873482
-0.0012871083
-0.0012857877
-0.00128777
-0.001288403
-0.0012913356
-0.001292845
-0.0012979513
-0.0013018361
-0.0013079881
-0.0013135574
-0.0013220224
-0.0013265946
-0.0013312172
-0.0013332088
-0.0013362556
-0.0013355518
-0.0013357566
-0.0013336875
-0.0013339918
-0.0013319113
-0.0013295143
-0.0013226037
-0.0013173603
-0.0013113002
-0.0013075141
-0.0013012291
-0.0012974673
-0.0012920863
-0.0012877448
-0.001280889
-0.0012762985
-0.0012691661
-0.0012626818
-0.0012538725
-0.0012479216
-0.0012406441
-0.0012346734
-0.001225732
-0.001218955
-0.001210654
-0.0012038716
-0.0011952955
-0.0011898063
-0.0011836701
-0.0011804815
-0.0011762937
-0.0011752186
-0.0011728487
-0.0011715364
-0.0011672274
-0.0011652652
-0.001162573
-0.0011614827
-0.0011570683
-0.0011543819
-0.0011503428
-0.0011478522
-0.0011428995
-0.001139004
-0.0011319006
-0.0011263844
-0.0011202209
-0.0011176505
-0.0011151023
-0.001115825
-0.0011145703
-0.0011147875
-0.0011136677
-0.0011148291
-0.0011139225
-0.0011149319
-0.0011149282
-0.0011173526
-0.0011177707
-0.00111966
-0.0011187141
-0.0011182126
-0.0011157757
-0.0011159416
-0.0011143613
-0.0011140538
-0.0011119151
-0.0011122423
-0.0011114427
-0.001112385
-0.0011108468
-0.0011113051
-0.0011110561
-0.0011131872
-0.0011131265
-0.0011138839
-0.0011123671
-0.0011127078
-0.0011109714
-0.0011108615
-0.0011096108
-0.001110158
-0.0011075208
-0.0011054634
-0.0011020108
-0.0011006086
-0.001096526
-0.0010938396
-0.0010900866
-0.0010882139
-0.001083825
-0.0010800239
-0.0010738393
-0.0010697966
-0.0010642755
-0.0010597175
-0.0010529363
-0.0010478616
-0.0010403413
-0.0010338341
-0.0010259197
-0.0010198071
-0.0010110969
-0.0010034741
-0.0009946255
-0.000987674
-0.0009779573
-0.0009690076
-0.0009583695
-0.00094985374
-0.00093992875
-0.0009311976
-0.00091977976
-0.0009092746
-0.0008964102
-0.0008842463
-0.00086992455
-0.0008574193
-0.0008429712
-0.00082958536
-0.00081444473
-0.0008015138
-0.00078746065
-0.0007748498
-0.0007605617
-0.0007489422
-0.00073674123
-0.0007265979
-0.00071508274
-0.00070548226
-0.0006944049
-0.00068510976
-0.0006743662
-0.0006648278
-0.0006527442
-0.0006420207
-0.00063004025
-0.0006202717
-0.0006100239
-0.00060221786
-0.0005927545
-0.0005852436
-0.00057712116
-0.0005711997
-0.0005640882
-0.000559084
-0.0005524218
-0.0005470774
-0.0005406573
-0.0005365219
-0.0005305202
-0.0005249463
-0.00051727385
-0.0005117471
-0.000505272
-0.0005005415
-0.0004943713
-0.00049062213
-0.0004865867
-0.0004842958
-0.0004797395
-0.0004768251
-0.0004732219
-0.00047146925
-0.00046817499
-0.0004668121
-0.00046392842
-0.0004618523
-0.00045748783
-0.00045468082
-0.00045070634
-0.00044779314
-0.00044261807
-0.0004392873
-0.00043525978
-0.00043310924
-0.00042936072
-0.00042697598
-0.0004229418
-0.000420236
-0.0004159426
-0.00041315323
-0.0004090272
-0.00040687344
-0.00040341957
-0.00040132468
-0.00039783862
-0.00039534297
-0.00038995614
-0.0003854773
-0.00038000586
-0.00037601183
-0.0003700375
-0.00036564696
-0.0003602415
-0.00035639855
-0.00035060194
-0.00034548176
-0.00033848657
-0.00033324218
-0.00032720514
-0.0003230558
-0.00031748344
-0.0003132744
-0.00030700894
-0.0003013048
-0.00029394566
-0.00028828776
-0.00028110525
-0.0002751491
-0.00026785064
-0.00026207117
-0.00025455203
-0.00024776915
-0.00023884572
-0.00023119556
-0.00022229573
-0.00021491437
-0.0002062189
-0.0001987672
-0.00018952652
-0.0001817453
-0.00017293908
-0.00016580369
-0.000157076
-0.00014937707
-0.00014021076
-0.00013266173
-0.00012377092
-0.000116143776
-0.00010729617
-0.000100360434
-0.00009196979
-0.00008456659
-0.00007620429
-0.00006957355
-0.000060796352
-0.000053020358
-0.000044876513
-0.000039210485
-0.000032321095
-0.000026350732
-0.000018549208
-0.0000121259345
-0.0000046120936
0.0000015769996
0.000009268562
0.00001541633
0.000022565348
0.000028286575
0.00003531517
0.00004047763
0.00004663505
0.00005149618
0.000057336703
0.000061146166
0.00006617829
0.000070203954
0.000075573196
0.00007916355
0.000083695515
0.00008693112
0.000091768976
0.00009520407
0.00009978384
0.000103187565
0.00010815976
0.00011216158
0.00011788476
0.00012250632
0.00012842691
0.00013276252
0.00013820504
0.0001427326
0.00014926378
0.00015467001
0.00016103759
0.00016615172
0.0001730347
0.00017853211
0.0001849056
0.00019007821
0.00019684684
0.0002025193
0.0002095454
0.0002151135
0.00022197103
0.00022802733
0.00023570473
0.0002421211
0.0002499787
0.00025653673
0.00026396185
0.00027010543
0.00027806798
0.00028510668
0.00029328096
0.00030030037
0.00030902404
0.0003165377
0.00032517296
0.0003327065
0.0003415392
0.0003490964
0.00035835468
0.00036718283
0.00037772144
0.00038689608
0.00039701234
0.00040590315
0.00041624074
0.00042508417
0.00043470043
0.0004431023
0.0004530709
0.00046200585
0.00047196634
0.0004803878
0.0004900514
0.00049849245
0.00050786696
0.00051605044
0.0005260313
0.00053518516
0.00054535473
0.0005543357
0.00056512264
0.00057490537
0.00058538606
0.0005940044
0.0006032637
0.00061115157
0.0006204154
0.00062838435
0.0006371347
0.0006442969
0.00065200945
0.00065776205
0.00066442176
0.0006698265
0.0006760623
0.0006809184
0.00068728096
0.00069277553
0.000699081
0.00070348044
0.000708649
0.0007125199
0.0007175507
0.00072134467
0.0007260334
0.000729292
0.0007333722
0.000735562
0.00073811325
0.00073910947
0.0007409285
0.0007411485
0.0007425222
0.000743124
0.00074498414
0.0007453478
0.0007466586
0.00074731867
0.00074960967
0.0007505576
0.0007523327
0.00075299665
0.00075485214
0.00075554405
0.0007573968
0.00075803045
0.00075933454
0.000759015
0.0007595335
0.0007584907
0.00075812935
0.00075653003
0.00075605203
0.0007545514
0.0007543259
0.00075281895
0.00075221667
0.00075072603
0.00075058796
0.000749354
0.0007495017
0.00074901717
0.0007498274
0.00074960844
0.00075073884
0.00075095554
0.0007519419
0.0007513134
0.0007517324
0.00075136777
0.0007522816
0.00075182284
0.000751865
0.0007506056
0.000750622
0.00074957375
0.0007495224
0.00074876315
0.0007496802
0.00074981496
0.00075112045
0.0007514694
0.00075305125
0.00075358053
0.0007550395
0.0007555031
0.0007571554
0.0007574354
0.0007582573
0.00075771275
0.00075824553
0.0007579086
0.00075876893
0.0007586389
0.000759645
0.0007598113
0.000761251
0.00076178927
0.00076371065
0.0007649143
0.00076701737
0.0007680834
0.00077075424
0.0007725156
0.0007746509
0.0007752426
0.0007768762
0.0007774883
0.0007790203
0.00077942095
0.0007807731
0.0007809999
0.0007821284
0.000782248
0.0007835445
0.0007839531
0.0007853733
0.0007856493
0.0007870225
0.0007875334
0.0007888825
0.0007890414
0.0007904746
0.00079129357
0.00079321425
0.00079399353
0.00079557096
0.00079600676
0.00079750933
0.0007981435
0.0007998798
0.00080067874
0.00080250885
0.00080359454
0.0008059526
0.0008072241
0.0008091905
0.0008099841
0.00081174634
0.0008125189
0.00081417296
0.00081472815
0.00081630034
0.00081708794
0.00081895513
0.0008197108
0.00082145183
0.0008223627
0.00082406803
0.0008247099
0.00082681136
0.0008284492
0.00083118223
0.00083307875
0.00083617156
0.00083837955
0.00084145
0.0008433576
0.000846241
0.00084872375
0.00085286895
0.0008563322
0.0008606527
0.0008641195
0.0008688292
0.000872607
0.00087732635
0.0008814077
0.00088669674
0.0008911139
0.0008966967
0.0009016929
0.0009077092
0.00091251946
0.0009180013
0.00092253514
0.00092806085
0.00093245285
0.0009375897
0.00094187865
0.00094711623
0.0009512737
0.00095618615
0.00096007646
0.0009648425
0.0009685733
0.0009732028
0.0009772293
0.0009825797
0.0009870853
0.000992359
0.000996843
0.0010025474
0.0010072812
0.0010126266
0.0010169012
0.0010219258
0.0010259531
0.0010309716
0.0010350147
0.0010396191
0.0010429503
0.0010468079
0.0010495108
0.0010532191
0.0010561995
0.0010599822
0.0010627381
0.0010663599
0.0010689752
0.0010721434
0.0010741227
0.0010768666
0.0010786208
0.0010812687
0.0010831268
0.0010856297
0.0010867696
0.0010884971
0.0010892845
0.0010908335
0.0010912964
0.0010924635
0.0010927783
0.0010941158
0.0010944955
0.0010953954
0.0010951384
0.0010956574
0.0010953586
0.0010958223
0.0010951556
0.0010952023
0.0010942322
0.0010937472
0.0010921613
0.0010915741
0.0010902478
0.0010894882
0.0010875879
0.0010865657
0.001084614
0.0010831822
0.001080694
0.001079058
0.0010766964
0.0010751839
0.0010725545
0.0010705137
0.0010676676
0.0010656577
0.0010626832
0.0010605784
0.0010576656
0.0010553453
0.0010519678
0.0010494111
0.0010459605
0.0010430136
0.0010390058
0.0010359415
0.0010321451
0.0010290279
0.0010248498
0.0010213016
0.0010169481
0.0010135769
0.0010094795
0.0010062221
0.0010022452
0.0009990813
0.0009949353
0.0009915178
0.0009873125
0.0009838556
0.0009793721
0.00097546185
0.00097071676
0.0009667178
0.00096161856
0.0009570676
0.00095166307
0.00094704115
0.0009415932
0.0009369245
0.00093139557
0.0009265382
0.0009209075
0.0009162251
0.00091077085
0.0009060474
0.00090050645
0.0008956199
0.00088989915
0.0008851623
0.000879734
0.0008749563
0.0008693036
0.000864333
0.0008584114
0.0008532307
0.0008473111
0.00084202253
0.00083576166
0.0008303287
0.0008244313
0.00081943785
0.0008134834
0.00080808636
0.000801856
0.00079638336
0.000789993
0.00078411476
0.00077751186
0.00077194977
0.000765656
0.0007598501
0.0007531097
0.00074702664
0.00073998567
0.0007336009
0.0007266224
0.00072064606
0.0007139974
0.0007080606
0.00070154056
0.0006959867
0.00068960834
0.0006837465
0.0006770036
0.0006709673
0.00066420616
0.00065822847
0.0006515601
0.00064565084
0.0006390336
0.00063313055
0.0006263503
0.000620222
0.0006133836
0.0006072282
0.0006004559
0.0005948018
0.00058860594
0.0005830082
0.0005766692
0.0005711647
0.00056487595
0.00055915996
0.0005527003
0.0005471303
0.0005411188
0.0005359976
0.00053012004
0.0005247612
0.00051853375
0.00051299337
0.0005067318
0.00050129474
0.00049540214
0.0004903632
0.00048466097
0.00047981594
0.0004744783
0.0004699734
0.000464887
0.00046072365
0.00045617347
0.00045261628
0.00044847158
0.00044504038
0.00044096427
0.00043764495
0.0004337849
0.0004308133
0.00042721644
0.00042429258
0.00042068548
0.0004178846
0.0004145983
0.000412173
0.00040920704
0.0004071541
0.00040472156
0.00040316494
0.00040098664
0.00039970674
0.0003980517
0.0003970942
0.00039545546
0.000394815
0.00039374156
0.00039318693
0.00039176844
0.00039109658
0.0003900042
0.00038983815
0.00038910806
0.00038904918
0.00038842586
0.00038865343
0.0003883724
0.00038888317
0.00038897205
0.00039001505
0.00039051226
0.00039172513
0.00039239624
0.0003936797
0.00039409878
0.0003950785
0.00039544125
0.00039640968
0.0003965585
0.00039720515
0.00039716376
0.00039781933
0.0003978193
0.0003984654
0.0003985637
0.00039943476
0.00039985115
0.00040110928
0.00040184066
0.0004032604
0.00040400046
0.00040530533
0.00040603185
0.00040753526
0.0004083752
0.00040962067
0.0004100828
0.00041115042
0.0004114105
0.00041202913
0.00041189554
0.0004123505
0.0004121384
0.0004124933
0.0004120921
0.00041225157
0.00041190715
0.00041227447
0.0004119901
0.00041233492
0.00041202345
0.00041216583
0.00041160246
0.00041170683
0.00041118782
0.00041111096
0.0004102954
0.00041007102
0.000409072
0.00040843352
0.0004070472
0.00040612987
0.00040445742
0.0004034082
0.0004018975
0.00040101324
0.00039939006
0.0003982346
0.0003964755
0.00039538043
0.000393615
0.00039231597
0.0003904017
0.0003891144
0.0003871951
0.000385669
0.00038329134
0.0003813949
0.0003788279
0.00037665942
0.00037378407
0.00037156921
0.00036880036
0.00036645663
0.00036341776
0.00036104454
0.00035810506
0.00035560157
0.00035234657
0.00034953278
0.00034613727
0.0003434537
0.00034023807
0.00033750848
0.00033410985
0.00033112033
0.00032733488
0.0003240408
0.0003201989
0.0003169163
0.00031309953
0.00031000513
0.0003064762
0.0003034026
0.00029947644
0.00029589463
0.00029162108
0.0002878709
0.00028358574
0.00027986942
0.00027562416
0.00027198525
0.00026773056
0.00026391703
0.00025955436
0.00025579156
0.00025145285
0.00024773146
0.00024363457
0.0002401885
0.00023610001
0.0002324435
0.0002283298
0.00022485119
0.00022068199
0.00021687971
0.00021246892
0.000208568
0.00020412433
0.00020030016
0.0001960069
0.0001922296
0.00018790414
0.00018415753
0.00017983386
0.00017599683
0.00017169118
0.00016800621
0.00016386867
0.00016035623
0.00015630289
0.00015272362
0.0001486681
0.00014518929
0.00014114953
0.00013768318
0.00013381678
0.00013053366
0.00012675312
0.0001235801
0.000119987446
0.00011687176
0.00011314052
0.00011001787
0.00010658558
0.000103817736
0.00010054034
0.000097692435
0.00009434819
0.00009165882
0.00008851334
0.000085822256
0.00008266148
0.00008012296
0.00007706518
0.000074384014
0.00007105649
0.000068180205
0.000064790314
0.00006189173
0.000058572066
0.000055869255
0.000052662836
0.000049888036
0.000046556357
0.00004372408
0.00004048165
0.000037838523
0.000034752415
0.00003220032
0.000029243758
0.000026837391
0.000023910723
0.000021493803
0.000018626217
0.000016124826
0.000013038046
0.0000105612
0.000007651075
0.000005051304
0.0000018515371
-0.0000008034834
-0.0000038807284
-0.000006472023
-0.000009558381
-0.000012180815
-0.00001530611
-0.000017968521
-0.000021042899
-0.000023530336
-0.00002639911
-0.00002873948
-0.000031592615
-0.000034014607
-0.000036914207
-0.000039435345
-0.00004255283
-0.000045194418
-0.000048214526
-0.000050753504
-0.000053824984
-0.00005653343
-0.000059790378
-0.00006257767
-0.00006576932
-0.00006843613
-0.00007153237
-0.00007416957
-0.00007719972
-0.0000797227
-0.00008279467
-0.00008553603
-0.00008880962
-0.00009167618
-0.00009505256
-0.00009806403
-0.00010164148
-0.00010485955
-0.00010857677
-0.000111925474
-0.00011587116
-0.00011945267
-0.00012351129
-0.00012726575
-0.00013158224
-0.00013535257
-0.00013941774
-0.00014299255
-0.00014694947
-0.00015038566
-0.00015424934
-0.00015771993
-0.00016171721
-0.00016531626
-0.00016921895
-0.00017249004
-0.00017615096
-0.00017952216
-0.00018341882
-0.00018683657
-0.00019072577
-0.0001942861
-0.00019822927
-0.00020162773
-0.00020539577
-0.0002086688
-0.00021227301
-0.00021544557
-0.00021912114
-0.00022241731
-0.00022608953
-0.00022927145
-0.00023288914
-0.00023610047
-0.0002396817
-0.00024283654
-0.00024644384
-0.00024969073
-0.00025339483
-0.00025665684
-0.00026028618
-0.00026344246
-0.0002668453
-0.000269612
-0.00027265731
-0.00027525175
-0.00027814272
-0.00028044792
-0.00028307136
-0.00028525508
-0.0002877616
-0.00028977692
-0.0002920844
-0.00029382465
-0.0002958845
-0.00029758466
-0.00029974472
-0.0003015872
-0.00030390458
-0.00030575975
-0.00030785636
-0.00030943708
-0.00031131657
-0.00031268204
-0.00031431793
-0.00031551742
-0.00031709444
-0.00031820557
-0.0003196151
-0.0003204908
-0.0003215527
-0.00032215714
-0.00032321364
-0.00032389228
-0.0003248845
-0.0003254775
-0.0003264782
-0.00032708884
-0.00032803282
-0.00032852963
-0.00032939008
-0.00032989107
-0.0003307667
-0.00033119344
-0.00033183114
-0.0003319801
-0.00033249482
-0.00033258737
-0.00033301642
-0.0003331683
-0.00033377964
-0.0003339444
-0.00033437455
-0.00033448223
-0.0003350426
-0.0003352219
-0.00033576068
-0.00033599895
-0.00033664602
-0.0003369035
-0.00033742838
-0.00033749637
-0.00033793558
-0.0003380527
-0.0003384624
-0.0003384445
-0.00033880005
-0.00033880898
-0.00033918256
-0.00033926277
-0.00033976612
-0.00033994848
-0.00034051403
-0.00034081785
-0.00034153345
-0.00034184166
-0.00034249484
-0.00034291498
-0.00034380713
-0.0003444275
-0.0003453754
-0.00034585525
-0.00034657208
-0.00034692712
-0.00034761557
-0.00034796944
-0.00034876037
-0.00034932746
-0.00035029877
-0.00035094307
-0.0003519588
-0.00035270912
-0.00035382097
-0.00035466268
-0.0003560167
-0.0003571965
-0.00035880323
-0.00036014654
-0.00036184074
-0.00036318024
-0.00036484172
-0.00036616137
-0.00036771072
-0.00036881625
-0.0003702349
-0.0003713417
-0.0003727613
-0.00037392654
-0.00037552492
-0.00037679955
-0.00037836368
-0.00037964815
-0.0003813056
-0.00038269942
-0.0003844972
-0.0003860279
-0.00038789416
-0.00038949228
-0.00039146325
-0.0003930888
-0.00039486482
-0.0003962167
-0.00039792122
-0.0003993758
-0.00040117116
-0.00040268214
-0.0004045554
-0.00040621473
-0.00040820558
-0.00040980827
-0.00041169848
-0.00041340504
-0.00041551274
-0.0004173458
-0.0004195379
-0.00042147198
-0.00042365293
-0.00042539675
-0.00042735526
-0.00042902515
-0.0004309561
-0.00043251834
-0.00043435555
-0.00043588088
-0.00043768375
-0.0004391799
-0.000440906
-0.00044224865
-0.00044384314
-0.0004451478
-0.00044670375
-0.0004479396
-0.0004495092
-0.0004508357
-0.00045243974
-0.0004537731
-0.00045537733
-0.00045657382
-0.00045795564
-0.0004590586
-0.00046042338
-0.00046146553
-0.00046282186
-0.00046395996
-0.0004653841
-0.0004664595
-0.0004677021
-0.0004686016
-0.00046979575
-0.0004708354
-0.0004722477
-0.0004733606
-0.00047473013
-0.0004758435
-0.0004771465
-0.0004780677
-0.00047923008
-0.0004801322
-0.00048128937
-0.00048218115
-0.00048332653
-0.00048413067
-0.00048505721
-0.00048557165
-0.00048628714
-0.00048673767
-0.00048743852
-0.00048785395
-0.00048845785
-0.0004887507
-0.0004893038
-0.0004895843
-0.0004901049
-0.00049038196
-0.00049092004
-0.0004912023
-0.0004917477
-0.0004920333
-0.00049255084
-0.00049286353
-0.0004935216
-0.00049393065
-0.0004945135
-0.0004948622
-0.0004954937
-0.0004957811
-0.00049620983
-0.0004964359
-0.00049698225
-0.0004972847
-0.0004977586
-0.0004978877
-0.0004982045
-0.00049829826
-0.0004986477
-0.00049873645
-0.0004990258
-0.0004990985
-0.000499418
-0.000499435
-0.00049969816
-0.00049984024
-0.0005002764
-0.00050051254
-0.00050104974
-0.0005013803
-0.0005018846
-0.0005021126
-0.000502563
-0.0005028202
-0.0005033855
-0.00050380226
-0.0005044851
-0.0005049336
-0.0005055967
-0.0005060481
-0.00050667376
-0.0005070467
-0.0005077018
-0.00050820736
-0.00050900254
-0.00050968566
-0.0005106453
-0.0005113454
-0.0005122104
-0.00051288557
-0.00051381165
-0.00051452144
-0.00051546545
-0.00051626645
-0.0005173361
-0.0005182118
-0.0005192804
-0.00052012963
-0.0005212382
-0.0005221808
-0.0005232813
-0.00052415876
-0.00052533793
-0.00052640465
-0.0005277211
-0.0005288795
-0.0005302814
-0.0005314792
-0.00053282984
-0.0005339752
-0.00053532986
-0.00053644605
-0.0005377893
-0.00053902675
-0.00054045685
-0.0005416192
-0.0005428811
-0.0005437722
-0.0005446614
-0.000545314
-0.0005462182
-0.0005469622
-0.00054788706
-0.0005486185
-0.00054955593
-0.0005502796
-0.0005511149
-0.0005516919
-0.0005523954
-0.00055294245
-0.0005537499
-0.00055433216
-0.0005549921
-0.0005554367
-0.0005560297
-0.00055630633
-0.00055659655
-0.00055661437
-0.0005567434
-0.00055660086
-0.00055654784
-0.0005562777
-0.00055619585
-0.00055600284
-0.0005560021
-0.0005557296
-0.00055551727
-0.00055508944
-0.00055476994
-0.0005542045
-0.0005537886
-0.0005532045
-0.0005527311
-0.00055195624
-0.000551185
-0.0005500931
-0.00054897903
-0.0005475642
-0.00054628326
-0.00054483826
-0.0005435539
-0.000542062
-0.00054061075
-0.0005389208
-0.0005373783
-0.0005356579
-0.00053410494
-0.00053248205
-0.000531034
-0.0005293472
-0.0005277512
-0.0005259549
-0.0005241898
-0.0005221017
-0.00052008213
-0.00051791023
-0.0005157835
-0.0005133573
-0.0005110099
-0.00050848094
-0.00050608965
-0.00050359505
-0.00050127786
-0.00049882504
-0.00049656397
-0.0004942397
-0.00049209496
-0.00048984826
-0.00048783797
-0.0004857477
-0.00048373974
-0.00048151356
-0.00047938555
-0.00047705285
-0.00047476613
-0.00047228427
-0.00046987433
-0.0004672737
-0.00046478357
-0.00046213917
-0.00045960222
-0.00045694405
-0.00045448248
-0.00045199142
-0.00044970345
-0.00044740207
-0.0004453461
-0.00044315512
-0.00044104716
-0.00043884994
-0.0004368322
-0.00043474656
-0.00043282265
-0.00043075485
-0.00042878857
-0.0004267632
-0.00042488298
-0.000422805
-0.00042079217
-0.00041874315
-0.0004169802
-0.00041520814
-0.00041357608
-0.00041186935
-0.00041032516
-0.0004087283
-0.00040729874
-0.00040579398
-0.0004045062
-0.00040324722
-0.00040211083
-0.00040078745
-0.0003995462
-0.00039819916
-0.00039689732
-0.00039546445
-0.00039421197
-0.00039291396
-0.0003916986
-0.0003904092
-0.00038931397
-0.00038814032
-0.0003870491
-0.00038592014
-0.00038497636
-0.00038398756
-0.000383151
-0.00038228492
-0.0003815813
-0.00038082778
-0.0003801949
-0.00037945746
-0.00037872358
-0.00037782246
-0.00037698259
-0.0003760128
-0.00037519503
-0.00037444683
-0.0003738463
-0.0003731318
-0.00037251707
-0.00037181907
-0.0003711326
-0.00037030317
-0.00036958224
-0.0003688878
-0.00036841273
-0.00036791345
-0.00036744954
-0.000366801
-0.00036613885
-0.0003653328
-0.00036451488
-0.00036359957
-0.00036282706
-0.0003619896
-0.00036118954
-0.00036031523
-0.00035952448
-0.00035864292
-0.0003578298
-0.00035697652
-0.00035623703
-0.00035547942
-0.00035483233
-0.00035411483
-0.00035344536
-0.00035273036
-0.0003521116
-0.00035137395
-0.00035058457
-0.0003496169
-0.0003485956
-0.000347442
-0.00034634606
-0.00034518362
-0.00034406307
-0.0003428502
-0.00034159556
-0.00034010672
-0.00033853055
-0.00033693915
-0.00033549045
-0.00033391334
-0.00033235576
-0.00033086192
-0.0003294265
-0.00032775052
-0.00032594264
-0.00032399548
-0.00032207256
-0.00032013183
-0.00031826473
-0.00031632854
-0.0003144149
-0.00031243413
-0.00031046596
-0.00030838183
-0.00030627532
-0.0003040818
-0.0003018504
-0.00029954402
-0.00029731006
-0.00029499657
-0.00029263913
-0.00029022075
-0.00028782518
-0.000285301
-0.00028268542
-0.00027994232
-0.00027717632
-0.0002743282
-0.00027146676
-0.00026854675
-0.00026567283
-0.00026280133
-0.00025997317
-0.00025708452
-0.00025421294
-0.0002513322
-0.00024846446
-0.0002455789
-0.00024281906
-0.00024011244
-0.00023739526
-0.00023456078
-0.00023172323
-0.0002288801
-0.00022598846
-0.00022300202
-0.00022004751
-0.00021706798
-0.00021407794
-0.00021101307
-0.00020785446
-0.00020465167
-0.00020156783
-0.00019853315
-0.0001955041
-0.00019249487
-0.00018949943
-0.000186403
-0.00018327676
-0.00018019273
-0.0001771664
-0.00017412048
-0.00017111257
-0.00016814908
-0.00016512761
-0.00016202389
-0.00015894232
-0.0001558346
-0.00015269763
-0.0001496485
-0.00014674857
-0.00014387119
-0.0001409141
-0.0001379132
-0.00013494733
-0.00013202136
-0.00012907838
-0.0001261255
-0.00012322523
-0.00012041786
-0.000117648786
-0.00011485601
-0.0001120575
-0.000109331006
-0.00010659357
-0.000103787024
-0.00010096477
-0.0000982423
-0.000095585456
-0.0000929356
-0.00009029727
-0.0000877804
-0.00008530489
-0.000082819824
-0.000080262165
-0.00007762631
-0.00007498503
-0.000072492905
-0.000070080794
-0.00006773436
-0.00006538407
-0.00006295106
-0.000060365008
-0.000057813424
-0.000055297434
-0.000052790543
-0.000050299674
-0.000047987134
-0.00004577108
-0.000043531556
-0.000041162897
-0.000038814513
-0.000036475074
-0.000034254022
-0.000032140586
-0.00003015161
-0.000028208784
-0.000026354412
-0.00002443178
-0.000022481252
-0.000020526346
-0.000018645287
-0.000016703214
-0.000014840749
-0.000013099393
-0.000011498334
-0.000009840801
-0.000008258034
-0.0000068034183
-0.000005470958
-0.0000040242107
-0.0000025792663
-0.0000011497034
0.00000015103616
0.000001395707
0.0000024781891
0.0000035136077
0.0000044903913
0.0000055193227
0.0000064979645
0.0000076096308
0.0000087319495
0.000009830136
0.0000107731585
0.000011646074
0.000012350333
0.00001309737
0.000013812605
0.000014561984
0.000015295485
0.000016147838
0.000016868305
0.000017510209
0.000018034523
0.000018561574
0.000018928553
0.000019304985
0.000019723499
0.000020331885
0.000020868421
0.000021384412
0.000021761756
0.000022215176
0.000022703534
0.000023256533
0.000023631417
0.000024050587
0.000024451836
0.0000248571
0.000025070241
0.00002534851
0.0000256073
0.000025924792
0.000026130017
0.000026438362
0.000026726628
0.000027087268
0.000027400323
0.000027902444
0.000028426533
0.000029055174
0.000029541628
0.000029967634
0.000030176208
0.000030368052
0.000030439081
0.00003057823
0.000030621428
0.000030708554
0.000030545227
0.000030310146
0.000030052477
0.000029921166
0.000029586348
0.000029392639
0.000029391109
0.00002966556
0.000029862025
0.000030141342
0.000030315252
0.000030540403
0.00003063639
0.00003081308
0.000030883035
0.000030958854
0.00003079341
0.00003059807
0.000030246689
0.000030001242
0.000029593384
0.000029197636
0.000028748062
0.000028450051
0.000027967775
0.000027499267
0.000026955675
0.000026607016
0.0000262574
0.000026084716
0.000025770805
0.000025452006
0.000024924231
0.000024422607
0.000023688859
0.000022879634
0.00002183473
0.000020889625
0.000019844736
0.00001892168
0.000017895558
0.000017036064
0.000016202337
0.000015642638
0.00001505082
0.000014597953
0.000014118092
0.000013969901
0.000013833551
0.00001388674
0.000014036461
0.000014436546
0.000014546213
0.000014590622
0.00001445557
0.000014372977
0.000014068806
0.000013874267
0.000013611629
0.000013587192
0.000013482533
0.000013366704
0.000012953399
0.000012699744
0.000012517325
0.000012612479
0.000012674058
0.000013107594
0.000013620625
0.00001431541
0.000014935502
0.000015790001
0.000016482458
0.000017216318
0.000017836815
0.000018749306
0.00001962914
0.000020636016
0.000021472377
0.000022515273
0.00002346653
0.00002452764
0.00002546932
0.000026706155
0.000027988995
0.000029556153
0.000031110078
0.00003304267
0.00003500968
0.000037100355
0.000038940463
0.00004094103
0.000042863536
0.000044890283
0.000046647525
0.000048593
0.00005045307
0.000052448944
0.000054299282
0.00005626018
0.00005791388
0.00005969328
0.000061432445
0.00006350246
0.00006565643
0.00006817792
0.00007050135
0.00007288825
0.00007516046
0.0000776697
0.000080008016
0.000082548635
0.00008508404
0.000087897824
0.00009051539
0.000093243696
0.00009563414
0.00009793617
0.000099982346
0.00010225826
0.00010433154
0.00010645389
0.000108343505
0.00011044528
0.00011240535
0.00011448142
0.00011625935
0.00011820942
0.00012009568
0.00012222119
0.00012409595
0.00012606484
0.00012791998
0.00013008446
0.00013205931
0.00013418874
0.00013617292
0.00013826857
0.00013990914
0.00014153244
0.00014304073
0.00014485228
0.00014644166
0.00014827146
0.00015005452
0.00015204775
0.00015374298
0.00015546137
0.00015691498
0.00015870246
0.00016041353
0.00016226646
0.0001638971
0.00016571592
0.00016714608
0.00016859785
0.00016987951
0.0001713639
0.00017248598
0.00017371196
0.0001748381
0.0001762065
0.00017720318
0.00017830066
0.00017922843
0.00018043783
0.00018149936
0.00018269206
0.00018349654
0.00018440478
0.00018506004
0.00018582903
0.00018633206
0.00018710473
0.00018765134
0.00018828589
0.00018864902
0.00018933995
0.0001899341
0.00019070989
0.00019126562
0.00019218413
0.00019297973
0.00019398396
0.00019477581
0.00019584566
0.00019674422
0.00019792104
0.00019899024
0.00020034047
0.00020140035
0.00020266586
0.0002036905
0.00020492454
0.00020603601
0.00020741115
0.00020841224
0.00020959639
0.0002106185
0.00021188243
0.00021296556
0.00021440354
0.00021558844
0.00021694168
0.00021818258
0.00021983472
0.00022119704
0.00022254822
0.00022356902
0.0002249969
0.00022637943
0.00022809544
0.00022958274
0.00023143031
0.00023323525
0.0002352186
0.00023669453
0.00023840558
0.00024011853
0.00024223817
0.00024421397
0.00024665732
0.00024898106
0.0002514405
0.00025347937
0.00025577145
0.0002578574
0.0002600644
0.00026190316
0.00026414183
0.00026635974
0.0002689728
0.00027137154
0.0002740244
0.0002763772
0.0002788905
0.0002810403
0.0002833568
0.0002854035
0.00028785845
0.00029012695
0.00029264155
0.00029496526
0.0002974274
0.00029918575
0.00030098588
0.00030262014
0.00030453497
0.0003060733
0.0003079182
0.0003095985
0.00031153075
0.00031297785
0.0003143813
0.0003153167
0.000316558
0.0003177034
0.00031928427
0.00032069485
0.0003224842
0.00032390657
0.00032541613
0.0003266554
0.0003282591
0.00032950193
0.0003309151
0.00033205995
0.00033350443
0.0003345693
0.00033575666
0.0003365282
0.00033757967
0.00033839012
0.00033951414
0.0003403726
0.00034148342
0.0003422604
0.00034342392
0.0003445147
0.0003461273
0.0003475095
0.00034910673
0.00035036434
0.00035191953
0.00035312533
0.00035454702
0.00035573455
0.00035738776
0.0003585956
0.00035979072
0.0003607234
0.00036200864
0.0003626543
0.00036340512
0.00036412707
0.00036547065
0.0003665282
0.00036770914
0.00036836747
0.00036928643
0.00036998617
0.00037099406
0.0003716191
0.000372567
0.00037326565
0.00037418702
0.00037464706
0.00037545656
0.00037593083
0.0003765747
0.00037698145
0.00037799322
0.00037883472
0.0003800098
0.00038100992
0.0003826561
0.0003842578
0.0003862307
0.00038779216
0.00038970186
0.00039133304
0.000393179
0.00039453513
0.00039609455
0.00039725448
0.00039868284
0.00039973794
0.00040119948
0.00040237483
0.00040367807
0.00040437744
0.00040543368
0.00040643822
0.00040788614
0.0004089123
0.00041040548
0.00041173192
0.00041328958
0.00041434227
0.00041561257
0.0004164535
0.00041767684
0.00041852708
0.000419473
0.0004198769
0.00042054095
0.00042068612
0.00042114398
0.0004214604
0.00042214929
0.0004222172
0.00042247857
0.00042250002
0.00042285927
0.00042269786
0.00042296347
0.00042302732
0.000423409
0.00042342235
0.00042379348
0.00042355782
0.00042323026
0.0004222513
0.00042163028
0.000420723
0.00042006877
0.00041883037
0.00041795176
0.00041684465
0.00041605622
0.00041469722
0.0004135645
0.000412141
0.0004111623
0.00040964768
0.00040833832
0.0004066677
0.00040522346
0.00040291742
0.00040052296
0.0003976389
0.00039496747
0.0003914538
0.00038801823
0.00038423957
0.0003809619
0.00037742482
0.00037416414
0.0003702574
0.0003666668
0.00036278385
0.00035937427
0.00035590865
0.0003532229
0.0003501049
0.00034707584
0.00034351667
0.00034009162
0.0003356738
0.0003311123
0.0003261938
0.00032200225
0.00031758886
0.0003135906
0.00030912037
0.000304954
0.00030040066
0.0002962037
0.00029161343
0.00028769945
0.00028375388
0.00028036747
0.00027675345
0.00027383512
0.00027054935
0.00026740317
0.00026372078
0.00026059343
0.00025709913
0.00025365278
0.00024958886
0.00024622426
0.00024278031
0.00023980283
0.00023640684
0.00023340645
0.00022986277
0.00022663115
0.00022321557
0.00022056536
0.00021777472
0.00021584862
0.00021399709
0.00021284872
0.00021148434
0.0002105692
0.00020916315
0.00020838623
0.000207463
0.00020691908
0.00020590732
0.00020543681
0.00020442817
0.00020354491
0.00020214333
0.00020118637
0.00019970587
0.00019861832
0.00019748225
0.000197343
0.0001970415
0.00019714197
0.00019675578
0.00019711189
0.00019764884
0.0001988711
0.00019950214
0.00020061438
0.00020153054
0.00020279412
0.000203352
0.00020438721
0.00020518407
0.00020645707
0.00020715862
0.00020828527
0.00020904845
0.00021012173
0.00021061541
0.00021183673
0.00021310463
0.0002151511
0.00021682249
0.00021891257
0.00022056223
0.00022268856
0.00022440063
0.00022655305
0.00022822691
0.000230297
0.0002314911
0.00023266053
0.00023342043
0.00023458108
0.00023467405
0.00023499649
0.0002353296
0.00023641177
0.00023684035
0.00023755745
0.0002377906
0.00023852683
0.00023890361
0.00023992984
0.000240692
0.0002419569
0.00024260106
0.00024350613
0.0002438402
0.00024463245
0.00024466537
0.00024484764
0.0002446509
0.00024501423
0.0002445225
0.00024403079
0.0002429134
0.00024232203
0.0002413168
0.00024078034
0.00023960172
0.0002387126
0.00023721172
0.00023617534
0.00023474071
0.00023373686
0.00023215325
0.00023121368
0.00023007936
0.0002296099
0.00022856583
0.00022784127
0.00022664401
0.0002260729
0.00022497651
0.00022409778
0.00022263288
0.00022200249
0.00022103466
0.00022052876
0.00021997916
0.00022029968
0.00021969591
0.00021910138
0.00021801847
0.00021750228
0.0002163858
0.00021577538
0.00021486302
0.00021482799
0.0002144131
0.00021394459
0.00021221566
0.00021082746
0.00020925698
0.00020827154
0.00020666394
0.00020584125
0.000204714
0.00020387908
0.00020241797
0.00017666211
0.00017522734
0.00017387024
0.00017190978
0.00017089468
0.0001697772
0.00014576729
0.00014457692
0.00014407112
0.00014317107
0.00014252074
0.00014111536
0.00011465792
0.00011357464
0.00011297456
0.00011170333
0.00011101424
0.0001097798
0.00010858126
0.000106194675
0.00010414769
0.000101757534
0.00009976154
0.0000968243
0.00009448559
0.000091807764
0.00008949866
0.00008646499
0.00008367251
0.00007959429
0.00007639873
0.00007227488
0.000069836955
0.000067053916
0.00006568186
0.00006323812
0.00006105839
0.000058095207
0.00003121719
0.00002797234
0.000025365964
0.000022470764
0.00002065728
-0.0000072603025
-0.000008890593
-0.0000119114075
-0.000014694698
-0.000018262277
-0.000021199561
-0.000024355202
-0.000026996115
-0.000030329804
-0.000032540538
-0.000034972487
-0.00003745792
-0.000039625058
-0.000042352425
-0.000044257937
-0.000046490288
-0.00004874415
-0.000051776
-0.00005401494
-0.000056533525
-0.000059129467
-0.00006043057
-0.000062892555
-0.00006314813
-0.00006460392
-0.000066391774
-0.00006689783
-0.000067328096
-0.00006628865
-0.00006504955
-0.00006362208
-0.00006161802
-0.00006051935
-0.00005841509
-0.000060747014
-0.00005742213
-0.000058280446
-0.00005314166
-0.000055268065
-0.000052396503
-0.000052593074
-0.000051188825
-0.000052434578
-0.000050067603
-0.000050424176
-0.000045998066
-0.000049902384
-0.00004393901
-0.00004733249
-0.000040242565
-0.00004264046
-0.000034342065
-0.000038321756
-0.000028560271
-0.000031097403
-0.000048841117
-0.000051021707
-0.000045136403
-0.000049504488
-0.000042526975
-0.00004452377
-0.00003775159
-0.00004183942
-0.000036465528
-0.000036702353
-0.000032967553
-0.000034935598
-0.000029573444
-0.000034065804
-0.000028794013
-0.000030297912
-0.00002739623
-0.000026514072
-0.00002465792
-0.000023987963
-0.000024043851
-0.000023115956
-0.000022444601
-0.000018835375
-0.000019761503
-0.000015927073
-0.000014644663
-0.000012564887
-0.000012778183
-0.000010131981
-0.00001212954
-0.000009923386
-0.000013156663
-0.000010573052
-0.000013935834
-0.0000090260955
-0.000010877375
-0.000008526864
-0.0000094035595
-0.000008393771
-0.000008642293
-0.000008326164
-0.000007862551
-0.00000832596
-0.000006802902
-0.0000069966563
-0.0000060095754
-0.0000060443135
-0.000005962679
-0.0000058094574
-0.000005829091
-0.000005955823
-0.0000051425623
-0.000005895081
-0.000004936745
-0.0000051895704
-0.0000058312567
-0.00000516972
-0.000005361002
-0.0000052067994
-0.000005446855
-0.0000045861825
-0.000005594654
-0.000004133952
-0.000005509207
-0.0000035771825
-0.000005394742
-0.000004126209
-0.000004919508
-0.0000037851416
-0.000004307145
-0.000002930604
-0.0000038738203
-0.0000030875722
-0.0000033795525
-0.000002141312
-0.0000023396208
-0.0000018643984
-0.0000029509085
-0.0000019706545
-0.000002691796
-0.000001808665
-0.000002457719
-0.0000015913002
-0.0000026580456
-0.0000021389021
-0.0000026578955
-0.0000024175054
-0.0000022453612
-0.0000014748229
-0.0000012500768
-0.0000011833295
-0.0000010464734
-0.000000972969
-0.0000011615978
-0.0000010768413
-0.0000010811261
-0.0000009626608
-0.0000009777586
-0.00000094130223
-0.0000009921433
-0.0000010097361
-0.00000066434694
-0.0000007187767
-0.00000035672284
-0.0000003932754
-0.00000039575136
